0.000000000000000000e+00
5.000000000000000104e-03
1.000000000000000021e-02
1.499999999999999944e-02
2.000000000000000042e-02
2.500000000000000139e-02
2.999999999999999889e-02
3.500000000000000333e-02
4.000000000000000083e-02
4.499999999999999833e-02
5.000000000000000278e-02
5.500000000000000028e-02
5.999999999999999778e-02
6.500000000000000222e-02
7.000000000000000666e-02
7.499999999999999722e-02
8.000000000000000167e-02
8.500000000000000611e-02
8.999999999999999667e-02
9.500000000000000111e-02
1.000000000000000056e-01
1.049999999999999961e-01
1.100000000000000006e-01
1.150000000000000050e-01
1.199999999999999956e-01
1.250000000000000000e-01
1.300000000000000044e-01
1.350000000000000089e-01
1.400000000000000133e-01
1.449999999999999900e-01
1.499999999999999944e-01
1.549999999999999989e-01
1.600000000000000033e-01
1.650000000000000078e-01
1.700000000000000122e-01
1.750000000000000167e-01
1.799999999999999933e-01
1.849999999999999978e-01
1.900000000000000022e-01
1.950000000000000067e-01
2.000000000000000111e-01
2.050000000000000155e-01
2.099999999999999922e-01
2.149999999999999967e-01
2.200000000000000011e-01
2.250000000000000056e-01
2.300000000000000100e-01
2.350000000000000144e-01
2.399999999999999911e-01
2.449999999999999956e-01
2.500000000000000000e-01
2.550000000000000044e-01
2.600000000000000089e-01
2.650000000000000133e-01
2.700000000000000178e-01
2.750000000000000222e-01
2.800000000000000266e-01
2.850000000000000311e-01
2.899999999999999800e-01
2.949999999999999845e-01
2.999999999999999889e-01
3.049999999999999933e-01
3.099999999999999978e-01
3.150000000000000022e-01
3.200000000000000067e-01
3.250000000000000111e-01
3.300000000000000155e-01
3.350000000000000200e-01
3.400000000000000244e-01
3.450000000000000289e-01
3.500000000000000333e-01
3.549999999999999822e-01
3.599999999999999867e-01
3.649999999999999911e-01
3.699999999999999956e-01
3.750000000000000000e-01
3.800000000000000044e-01
3.850000000000000089e-01
3.900000000000000133e-01
3.950000000000000178e-01
4.000000000000000222e-01
4.050000000000000266e-01
4.100000000000000311e-01
4.150000000000000355e-01
4.199999999999999845e-01
4.249999999999999889e-01
4.299999999999999933e-01
4.349999999999999978e-01
4.400000000000000022e-01
4.450000000000000067e-01
4.500000000000000111e-01
4.550000000000000155e-01
4.600000000000000200e-01
4.650000000000000244e-01
4.700000000000000289e-01
4.750000000000000333e-01
4.799999999999999822e-01
4.849999999999999867e-01
4.899999999999999911e-01
4.949999999999999956e-01
5.000000000000000000e-01
5.050000000000000044e-01
5.100000000000000089e-01
5.150000000000000133e-01
5.200000000000000178e-01
5.250000000000000222e-01
5.300000000000000266e-01
5.350000000000000311e-01
5.400000000000000355e-01
5.450000000000000400e-01
5.500000000000000444e-01
5.550000000000000488e-01
5.600000000000000533e-01
5.650000000000000577e-01
5.700000000000000622e-01
5.750000000000000666e-01
5.799999999999999600e-01
5.849999999999999645e-01
5.899999999999999689e-01
5.949999999999999734e-01
5.999999999999999778e-01
6.049999999999999822e-01
6.099999999999999867e-01
6.149999999999999911e-01
6.199999999999999956e-01
6.250000000000000000e-01
6.300000000000000044e-01
6.350000000000000089e-01
6.400000000000000133e-01
6.450000000000000178e-01
6.500000000000000222e-01
6.550000000000000266e-01
6.600000000000000311e-01
6.650000000000000355e-01
6.700000000000000400e-01
6.750000000000000444e-01
6.800000000000000488e-01
6.850000000000000533e-01
6.900000000000000577e-01
6.950000000000000622e-01
7.000000000000000666e-01
7.049999999999999600e-01
7.099999999999999645e-01
7.149999999999999689e-01
7.199999999999999734e-01
7.249999999999999778e-01
7.299999999999999822e-01
7.349999999999999867e-01
7.399999999999999911e-01
7.449999999999999956e-01
7.500000000000000000e-01
7.550000000000000044e-01
7.600000000000000089e-01
7.650000000000000133e-01
7.700000000000000178e-01
7.750000000000000222e-01
7.800000000000000266e-01
7.850000000000000311e-01
7.900000000000000355e-01
7.950000000000000400e-01
8.000000000000000444e-01
8.050000000000000488e-01
8.100000000000000533e-01
8.150000000000000577e-01
8.200000000000000622e-01
8.250000000000000666e-01
8.300000000000000711e-01
8.349999999999999645e-01
8.399999999999999689e-01
8.449999999999999734e-01
8.499999999999999778e-01
8.549999999999999822e-01
8.599999999999999867e-01
8.649999999999999911e-01
8.699999999999999956e-01
8.750000000000000000e-01
8.800000000000000044e-01
8.850000000000000089e-01
8.900000000000000133e-01
8.950000000000000178e-01
9.000000000000000222e-01
9.050000000000000266e-01
9.100000000000000311e-01
9.150000000000000355e-01
9.200000000000000400e-01
9.250000000000000444e-01
9.300000000000000488e-01
9.350000000000000533e-01
9.400000000000000577e-01
9.450000000000000622e-01
9.500000000000000666e-01
9.550000000000000711e-01
9.599999999999999645e-01
9.649999999999999689e-01
9.699999999999999734e-01
9.749999999999999778e-01
9.799999999999999822e-01
9.849999999999999867e-01
9.899999999999999911e-01
9.949999999999999956e-01
1.000000000000000000e+00
1.005000000000000115e+00
1.010000000000000009e+00
1.015000000000000124e+00
1.020000000000000018e+00
1.024999999999999911e+00
1.030000000000000027e+00
1.034999999999999920e+00
1.040000000000000036e+00
1.044999999999999929e+00
1.050000000000000044e+00
1.054999999999999938e+00
1.060000000000000053e+00
1.064999999999999947e+00
1.070000000000000062e+00
1.074999999999999956e+00
1.080000000000000071e+00
1.084999999999999964e+00
1.090000000000000080e+00
1.094999999999999973e+00
1.100000000000000089e+00
1.104999999999999982e+00
1.110000000000000098e+00
1.114999999999999991e+00
1.120000000000000107e+00
1.125000000000000000e+00
1.130000000000000115e+00
1.135000000000000009e+00
1.140000000000000124e+00
1.145000000000000018e+00
1.150000000000000133e+00
1.155000000000000027e+00
1.159999999999999920e+00
1.165000000000000036e+00
1.169999999999999929e+00
1.175000000000000044e+00
1.179999999999999938e+00
1.185000000000000053e+00
1.189999999999999947e+00
1.195000000000000062e+00
1.199999999999999956e+00
1.205000000000000071e+00
1.209999999999999964e+00
1.215000000000000080e+00
1.219999999999999973e+00
1.225000000000000089e+00
1.229999999999999982e+00
1.235000000000000098e+00
1.239999999999999991e+00
1.245000000000000107e+00
1.250000000000000000e+00
1.255000000000000115e+00
1.260000000000000009e+00
1.265000000000000124e+00
1.270000000000000018e+00
1.275000000000000133e+00
1.280000000000000027e+00
1.284999999999999920e+00
1.290000000000000036e+00
1.294999999999999929e+00
1.300000000000000044e+00
1.304999999999999938e+00
1.310000000000000053e+00
1.314999999999999947e+00
1.320000000000000062e+00
1.324999999999999956e+00
1.330000000000000071e+00
1.334999999999999964e+00
1.340000000000000080e+00
1.344999999999999973e+00
1.350000000000000089e+00
1.354999999999999982e+00
1.360000000000000098e+00
1.364999999999999991e+00
1.370000000000000107e+00
1.375000000000000000e+00
1.380000000000000115e+00
1.385000000000000009e+00
1.390000000000000124e+00
1.395000000000000018e+00
1.400000000000000133e+00
1.405000000000000027e+00
1.409999999999999920e+00
1.415000000000000036e+00
1.419999999999999929e+00
1.425000000000000044e+00
1.429999999999999938e+00
1.435000000000000053e+00
1.439999999999999947e+00
1.445000000000000062e+00
1.449999999999999956e+00
1.455000000000000071e+00
1.459999999999999964e+00
1.465000000000000080e+00
1.469999999999999973e+00
1.475000000000000089e+00
1.479999999999999982e+00
1.485000000000000098e+00
1.489999999999999991e+00
1.495000000000000107e+00
1.500000000000000000e+00
1.505000000000000115e+00
1.510000000000000009e+00
1.515000000000000124e+00
1.520000000000000018e+00
1.525000000000000133e+00
1.530000000000000027e+00
1.535000000000000142e+00
1.540000000000000036e+00
1.544999999999999929e+00
1.550000000000000044e+00
1.554999999999999938e+00
1.560000000000000053e+00
1.564999999999999947e+00
1.570000000000000062e+00
1.574999999999999956e+00
1.580000000000000071e+00
1.584999999999999964e+00
1.590000000000000080e+00
1.594999999999999973e+00
1.600000000000000089e+00
1.604999999999999982e+00
1.610000000000000098e+00
1.614999999999999991e+00
1.620000000000000107e+00
1.625000000000000000e+00
1.630000000000000115e+00
1.635000000000000009e+00
1.640000000000000124e+00
1.645000000000000018e+00
1.650000000000000133e+00
1.655000000000000027e+00
1.660000000000000142e+00
1.665000000000000036e+00
1.669999999999999929e+00
1.675000000000000044e+00
1.679999999999999938e+00
1.685000000000000053e+00
1.689999999999999947e+00
1.695000000000000062e+00
1.699999999999999956e+00
1.705000000000000071e+00
1.709999999999999964e+00
1.715000000000000080e+00
1.719999999999999973e+00
1.725000000000000089e+00
1.729999999999999982e+00
1.735000000000000098e+00
1.739999999999999991e+00
1.745000000000000107e+00
1.750000000000000000e+00
1.755000000000000115e+00
1.760000000000000009e+00
1.765000000000000124e+00
1.770000000000000018e+00
1.775000000000000133e+00
1.780000000000000027e+00
1.785000000000000142e+00
1.790000000000000036e+00
1.794999999999999929e+00
1.800000000000000044e+00
1.804999999999999938e+00
1.810000000000000053e+00
1.814999999999999947e+00
1.820000000000000062e+00
1.824999999999999956e+00
1.830000000000000071e+00
1.834999999999999964e+00
1.840000000000000080e+00
1.844999999999999973e+00
1.850000000000000089e+00
1.854999999999999982e+00
1.860000000000000098e+00
1.864999999999999991e+00
1.870000000000000107e+00
1.875000000000000000e+00
1.880000000000000115e+00
1.885000000000000009e+00
1.890000000000000124e+00
1.895000000000000018e+00
1.900000000000000133e+00
1.905000000000000027e+00
1.910000000000000142e+00
1.915000000000000036e+00
1.919999999999999929e+00
1.925000000000000044e+00
1.929999999999999938e+00
1.935000000000000053e+00
1.939999999999999947e+00
1.945000000000000062e+00
1.949999999999999956e+00
1.955000000000000071e+00
1.959999999999999964e+00
1.965000000000000080e+00
1.969999999999999973e+00
1.975000000000000089e+00
1.979999999999999982e+00
1.985000000000000098e+00
1.989999999999999991e+00
1.995000000000000107e+00
2.000000000000000000e+00
2.004999999999999893e+00
2.010000000000000231e+00
2.015000000000000124e+00
2.020000000000000018e+00
2.024999999999999911e+00
2.030000000000000249e+00
2.035000000000000142e+00
2.040000000000000036e+00
2.044999999999999929e+00
2.049999999999999822e+00
2.055000000000000160e+00
2.060000000000000053e+00
2.064999999999999947e+00
2.069999999999999840e+00
2.075000000000000178e+00
2.080000000000000071e+00
2.084999999999999964e+00
2.089999999999999858e+00
2.095000000000000195e+00
2.100000000000000089e+00
2.104999999999999982e+00
2.109999999999999876e+00
2.115000000000000213e+00
2.120000000000000107e+00
2.125000000000000000e+00
2.129999999999999893e+00
2.135000000000000231e+00
2.140000000000000124e+00
2.145000000000000018e+00
2.149999999999999911e+00
2.155000000000000249e+00
2.160000000000000142e+00
2.165000000000000036e+00
2.169999999999999929e+00
2.175000000000000266e+00
2.180000000000000160e+00
2.185000000000000053e+00
2.189999999999999947e+00
2.194999999999999840e+00
2.200000000000000178e+00
2.205000000000000071e+00
2.209999999999999964e+00
2.214999999999999858e+00
2.220000000000000195e+00
2.225000000000000089e+00
2.229999999999999982e+00
2.234999999999999876e+00
2.240000000000000213e+00
2.245000000000000107e+00
2.250000000000000000e+00
2.254999999999999893e+00
2.260000000000000231e+00
2.265000000000000124e+00
2.270000000000000018e+00
2.274999999999999911e+00
2.280000000000000249e+00
2.285000000000000142e+00
2.290000000000000036e+00
2.294999999999999929e+00
2.300000000000000266e+00
2.305000000000000160e+00
2.310000000000000053e+00
2.314999999999999947e+00
2.319999999999999840e+00
2.325000000000000178e+00
2.330000000000000071e+00
2.334999999999999964e+00
2.339999999999999858e+00
2.345000000000000195e+00
2.350000000000000089e+00
2.354999999999999982e+00
2.359999999999999876e+00
2.365000000000000213e+00
2.370000000000000107e+00
2.375000000000000000e+00
2.379999999999999893e+00
2.385000000000000231e+00
2.390000000000000124e+00
2.395000000000000018e+00
2.399999999999999911e+00
2.405000000000000249e+00
2.410000000000000142e+00
2.415000000000000036e+00
2.419999999999999929e+00
2.425000000000000266e+00
2.430000000000000160e+00
2.435000000000000053e+00
2.439999999999999947e+00
2.444999999999999840e+00
2.450000000000000178e+00
2.455000000000000071e+00
2.459999999999999964e+00
2.464999999999999858e+00
2.470000000000000195e+00
2.475000000000000089e+00
2.479999999999999982e+00
2.484999999999999876e+00
2.490000000000000213e+00
2.495000000000000107e+00
2.500000000000000000e+00
2.504999999999999893e+00
2.510000000000000231e+00
2.515000000000000124e+00
2.520000000000000018e+00
2.524999999999999911e+00
2.530000000000000249e+00
2.535000000000000142e+00
2.540000000000000036e+00
2.544999999999999929e+00
2.550000000000000266e+00
2.555000000000000160e+00
2.560000000000000053e+00
2.564999999999999947e+00
2.569999999999999840e+00
2.575000000000000178e+00
2.580000000000000071e+00
2.584999999999999964e+00
2.589999999999999858e+00
2.595000000000000195e+00
2.600000000000000089e+00
2.604999999999999982e+00
2.609999999999999876e+00
2.615000000000000213e+00
2.620000000000000107e+00
2.625000000000000000e+00
2.629999999999999893e+00
2.635000000000000231e+00
2.640000000000000124e+00
2.645000000000000018e+00
2.649999999999999911e+00
2.655000000000000249e+00
2.660000000000000142e+00
2.665000000000000036e+00
2.669999999999999929e+00
2.675000000000000266e+00
2.680000000000000160e+00
2.685000000000000053e+00
2.689999999999999947e+00
2.694999999999999840e+00
2.700000000000000178e+00
2.705000000000000071e+00
2.709999999999999964e+00
2.714999999999999858e+00
2.720000000000000195e+00
2.725000000000000089e+00
2.729999999999999982e+00
2.734999999999999876e+00
2.740000000000000213e+00
2.745000000000000107e+00
2.750000000000000000e+00
2.754999999999999893e+00
2.760000000000000231e+00
2.765000000000000124e+00
2.770000000000000018e+00
2.774999999999999911e+00
2.780000000000000249e+00
2.785000000000000142e+00
2.790000000000000036e+00
2.794999999999999929e+00
2.800000000000000266e+00
2.805000000000000160e+00
2.810000000000000053e+00
2.814999999999999947e+00
2.819999999999999840e+00
2.825000000000000178e+00
2.830000000000000071e+00
2.834999999999999964e+00
2.839999999999999858e+00
2.845000000000000195e+00
2.850000000000000089e+00
2.854999999999999982e+00
2.859999999999999876e+00
2.865000000000000213e+00
2.870000000000000107e+00
2.875000000000000000e+00
2.879999999999999893e+00
2.885000000000000231e+00
2.890000000000000124e+00
2.895000000000000018e+00
2.899999999999999911e+00
2.905000000000000249e+00
2.910000000000000142e+00
2.915000000000000036e+00
2.919999999999999929e+00
2.925000000000000266e+00
2.930000000000000160e+00
2.935000000000000053e+00
2.939999999999999947e+00
2.944999999999999840e+00
2.950000000000000178e+00
2.955000000000000071e+00
2.959999999999999964e+00
2.964999999999999858e+00
2.970000000000000195e+00
2.975000000000000089e+00
2.979999999999999982e+00
2.984999999999999876e+00
2.990000000000000213e+00
2.995000000000000107e+00
3.000000000000000000e+00
3.004999999999999893e+00
3.010000000000000231e+00
3.015000000000000124e+00
3.020000000000000018e+00
3.024999999999999911e+00
3.030000000000000249e+00
3.035000000000000142e+00
3.040000000000000036e+00
3.044999999999999929e+00
3.050000000000000266e+00
3.055000000000000160e+00
3.060000000000000053e+00
3.064999999999999947e+00
3.070000000000000284e+00
3.075000000000000178e+00
3.080000000000000071e+00
3.084999999999999964e+00
3.089999999999999858e+00
3.095000000000000195e+00
3.100000000000000089e+00
3.104999999999999982e+00
3.109999999999999876e+00
3.115000000000000213e+00
3.120000000000000107e+00
3.125000000000000000e+00
3.129999999999999893e+00
3.135000000000000231e+00
3.140000000000000124e+00
3.145000000000000018e+00
3.149999999999999911e+00
3.155000000000000249e+00
3.160000000000000142e+00
3.165000000000000036e+00
3.169999999999999929e+00
3.175000000000000266e+00
3.180000000000000160e+00
3.185000000000000053e+00
3.189999999999999947e+00
3.195000000000000284e+00
3.200000000000000178e+00
3.205000000000000071e+00
3.209999999999999964e+00
3.214999999999999858e+00
3.220000000000000195e+00
3.225000000000000089e+00
3.229999999999999982e+00
3.234999999999999876e+00
3.240000000000000213e+00
3.245000000000000107e+00
3.250000000000000000e+00
3.254999999999999893e+00
3.260000000000000231e+00
3.265000000000000124e+00
3.270000000000000018e+00
3.274999999999999911e+00
3.280000000000000249e+00
3.285000000000000142e+00
3.290000000000000036e+00
3.294999999999999929e+00
3.300000000000000266e+00
3.305000000000000160e+00
3.310000000000000053e+00
3.314999999999999947e+00
3.320000000000000284e+00
3.325000000000000178e+00
3.330000000000000071e+00
3.334999999999999964e+00
3.339999999999999858e+00
3.345000000000000195e+00
3.350000000000000089e+00
3.354999999999999982e+00
3.359999999999999876e+00
3.365000000000000213e+00
3.370000000000000107e+00
3.375000000000000000e+00
3.379999999999999893e+00
3.385000000000000231e+00
3.390000000000000124e+00
3.395000000000000018e+00
3.399999999999999911e+00
3.405000000000000249e+00
3.410000000000000142e+00
3.415000000000000036e+00
3.419999999999999929e+00
3.425000000000000266e+00
3.430000000000000160e+00
3.435000000000000053e+00
3.439999999999999947e+00
3.445000000000000284e+00
3.450000000000000178e+00
3.455000000000000071e+00
3.459999999999999964e+00
3.464999999999999858e+00
3.470000000000000195e+00
3.475000000000000089e+00
3.479999999999999982e+00
3.484999999999999876e+00
3.490000000000000213e+00
3.495000000000000107e+00
3.500000000000000000e+00
3.504999999999999893e+00
3.510000000000000231e+00
3.515000000000000124e+00
3.520000000000000018e+00
3.524999999999999911e+00
3.530000000000000249e+00
3.535000000000000142e+00
3.540000000000000036e+00
3.544999999999999929e+00
3.550000000000000266e+00
3.555000000000000160e+00
3.560000000000000053e+00
3.564999999999999947e+00
3.570000000000000284e+00
3.575000000000000178e+00
3.580000000000000071e+00
3.584999999999999964e+00
3.589999999999999858e+00
3.595000000000000195e+00
3.600000000000000089e+00
3.604999999999999982e+00
3.609999999999999876e+00
3.615000000000000213e+00
3.620000000000000107e+00
3.625000000000000000e+00
3.629999999999999893e+00
3.635000000000000231e+00
3.640000000000000124e+00
3.645000000000000018e+00
3.649999999999999911e+00
3.655000000000000249e+00
3.660000000000000142e+00
3.665000000000000036e+00
3.669999999999999929e+00
3.675000000000000266e+00
3.680000000000000160e+00
3.685000000000000053e+00
3.689999999999999947e+00
3.695000000000000284e+00
3.700000000000000178e+00
3.705000000000000071e+00
3.709999999999999964e+00
3.714999999999999858e+00
3.720000000000000195e+00
3.725000000000000089e+00
3.729999999999999982e+00
3.734999999999999876e+00
3.740000000000000213e+00
3.745000000000000107e+00
3.750000000000000000e+00
3.754999999999999893e+00
3.760000000000000231e+00
3.765000000000000124e+00
3.770000000000000018e+00
3.774999999999999911e+00
3.780000000000000249e+00
3.785000000000000142e+00
3.790000000000000036e+00
3.794999999999999929e+00
3.800000000000000266e+00
3.805000000000000160e+00
3.810000000000000053e+00
3.814999999999999947e+00
3.820000000000000284e+00
3.825000000000000178e+00
3.830000000000000071e+00
3.834999999999999964e+00
3.839999999999999858e+00
3.845000000000000195e+00
3.850000000000000089e+00
3.854999999999999982e+00
3.859999999999999876e+00
3.865000000000000213e+00
3.870000000000000107e+00
3.875000000000000000e+00
3.879999999999999893e+00
3.885000000000000231e+00
3.890000000000000124e+00
3.895000000000000018e+00
3.899999999999999911e+00
3.905000000000000249e+00
3.910000000000000142e+00
3.915000000000000036e+00
3.919999999999999929e+00
3.925000000000000266e+00
3.930000000000000160e+00
3.935000000000000053e+00
3.939999999999999947e+00
3.945000000000000284e+00
3.950000000000000178e+00
3.955000000000000071e+00
3.959999999999999964e+00
3.965000000000000302e+00
3.970000000000000195e+00
3.975000000000000089e+00
3.979999999999999982e+00
3.984999999999999876e+00
3.990000000000000213e+00
3.995000000000000107e+00
4.000000000000000000e+00
4.004999999999999893e+00
4.009999999999999787e+00
4.014999999999999680e+00
4.020000000000000462e+00
4.025000000000000355e+00
4.030000000000000249e+00
4.035000000000000142e+00
4.040000000000000036e+00
4.044999999999999929e+00
4.049999999999999822e+00
4.054999999999999716e+00
4.060000000000000497e+00
4.065000000000000391e+00
4.070000000000000284e+00
4.075000000000000178e+00
4.080000000000000071e+00
4.084999999999999964e+00
4.089999999999999858e+00
4.094999999999999751e+00
4.099999999999999645e+00
4.105000000000000426e+00
4.110000000000000320e+00
4.115000000000000213e+00
4.120000000000000107e+00
4.125000000000000000e+00
4.129999999999999893e+00
4.134999999999999787e+00
4.139999999999999680e+00
4.145000000000000462e+00
4.150000000000000355e+00
4.155000000000000249e+00
4.160000000000000142e+00
4.165000000000000036e+00
4.169999999999999929e+00
4.174999999999999822e+00
4.179999999999999716e+00
4.185000000000000497e+00
4.190000000000000391e+00
4.195000000000000284e+00
4.200000000000000178e+00
4.205000000000000071e+00
4.209999999999999964e+00
4.214999999999999858e+00
4.219999999999999751e+00
4.224999999999999645e+00
4.230000000000000426e+00
4.235000000000000320e+00
4.240000000000000213e+00
4.245000000000000107e+00
4.250000000000000000e+00
4.254999999999999893e+00
4.259999999999999787e+00
4.264999999999999680e+00
4.270000000000000462e+00
4.275000000000000355e+00
4.280000000000000249e+00
4.285000000000000142e+00
4.290000000000000036e+00
4.294999999999999929e+00
4.299999999999999822e+00
4.304999999999999716e+00
4.310000000000000497e+00
4.315000000000000391e+00
4.320000000000000284e+00
4.325000000000000178e+00
4.330000000000000071e+00
4.334999999999999964e+00
4.339999999999999858e+00
4.344999999999999751e+00
4.350000000000000533e+00
4.355000000000000426e+00
4.360000000000000320e+00
4.365000000000000213e+00
4.370000000000000107e+00
4.375000000000000000e+00
4.379999999999999893e+00
4.384999999999999787e+00
4.389999999999999680e+00
4.395000000000000462e+00
4.400000000000000355e+00
4.405000000000000249e+00
4.410000000000000142e+00
4.415000000000000036e+00
4.419999999999999929e+00
4.424999999999999822e+00
4.429999999999999716e+00
4.435000000000000497e+00
4.440000000000000391e+00
4.445000000000000284e+00
4.450000000000000178e+00
4.455000000000000071e+00
4.459999999999999964e+00
4.464999999999999858e+00
4.469999999999999751e+00
4.475000000000000533e+00
4.480000000000000426e+00
4.485000000000000320e+00
4.490000000000000213e+00
4.495000000000000107e+00
4.500000000000000000e+00
4.504999999999999893e+00
4.509999999999999787e+00
4.514999999999999680e+00
4.520000000000000462e+00
4.525000000000000355e+00
4.530000000000000249e+00
4.535000000000000142e+00
4.540000000000000036e+00
4.544999999999999929e+00
4.549999999999999822e+00
4.554999999999999716e+00
4.560000000000000497e+00
4.565000000000000391e+00
4.570000000000000284e+00
4.575000000000000178e+00
4.580000000000000071e+00
4.584999999999999964e+00
4.589999999999999858e+00
4.594999999999999751e+00
4.600000000000000533e+00
4.605000000000000426e+00
4.610000000000000320e+00
4.615000000000000213e+00
4.620000000000000107e+00
4.625000000000000000e+00
4.629999999999999893e+00
4.634999999999999787e+00
4.639999999999999680e+00
4.645000000000000462e+00
4.650000000000000355e+00
4.655000000000000249e+00
4.660000000000000142e+00
4.665000000000000036e+00
4.669999999999999929e+00
4.674999999999999822e+00
4.679999999999999716e+00
4.685000000000000497e+00
4.690000000000000391e+00
4.695000000000000284e+00
4.700000000000000178e+00
4.705000000000000071e+00
4.709999999999999964e+00
4.714999999999999858e+00
4.719999999999999751e+00
4.725000000000000533e+00
4.730000000000000426e+00
4.735000000000000320e+00
4.740000000000000213e+00
4.745000000000000107e+00
4.750000000000000000e+00
4.754999999999999893e+00
4.759999999999999787e+00
4.764999999999999680e+00
4.770000000000000462e+00
4.775000000000000355e+00
4.780000000000000249e+00
4.785000000000000142e+00
4.790000000000000036e+00
4.794999999999999929e+00
4.799999999999999822e+00
4.804999999999999716e+00
4.810000000000000497e+00
4.815000000000000391e+00
4.820000000000000284e+00
4.825000000000000178e+00
4.830000000000000071e+00
4.834999999999999964e+00
4.839999999999999858e+00
4.844999999999999751e+00
4.850000000000000533e+00
4.855000000000000426e+00
4.860000000000000320e+00
4.865000000000000213e+00
4.870000000000000107e+00
4.875000000000000000e+00
4.879999999999999893e+00
4.884999999999999787e+00
4.889999999999999680e+00
4.895000000000000462e+00
4.900000000000000355e+00
4.905000000000000249e+00
4.910000000000000142e+00
4.915000000000000036e+00
4.919999999999999929e+00
4.924999999999999822e+00
4.929999999999999716e+00
4.935000000000000497e+00
4.940000000000000391e+00
4.945000000000000284e+00
4.950000000000000178e+00
4.955000000000000071e+00
4.959999999999999964e+00
4.964999999999999858e+00
4.969999999999999751e+00
4.975000000000000533e+00
4.980000000000000426e+00
4.985000000000000320e+00
4.990000000000000213e+00
4.995000000000000107e+00
5.000000000000000000e+00
5.004999999999999893e+00
5.009999999999999787e+00
5.014999999999999680e+00
5.020000000000000462e+00
5.025000000000000355e+00
5.030000000000000249e+00
5.035000000000000142e+00
5.040000000000000036e+00
5.044999999999999929e+00
5.049999999999999822e+00
5.054999999999999716e+00
5.060000000000000497e+00
5.065000000000000391e+00
5.070000000000000284e+00
5.075000000000000178e+00
5.080000000000000071e+00
5.084999999999999964e+00
5.089999999999999858e+00
5.094999999999999751e+00
5.100000000000000533e+00
5.105000000000000426e+00
5.110000000000000320e+00
5.115000000000000213e+00
5.120000000000000107e+00
5.125000000000000000e+00
5.129999999999999893e+00
5.134999999999999787e+00
5.139999999999999680e+00
5.145000000000000462e+00
5.150000000000000355e+00
5.155000000000000249e+00
5.160000000000000142e+00
5.165000000000000036e+00
5.169999999999999929e+00
5.174999999999999822e+00
5.179999999999999716e+00
5.185000000000000497e+00
5.190000000000000391e+00
5.195000000000000284e+00
5.200000000000000178e+00
5.205000000000000071e+00
5.209999999999999964e+00
5.214999999999999858e+00
5.219999999999999751e+00
5.225000000000000533e+00
5.230000000000000426e+00
5.235000000000000320e+00
5.240000000000000213e+00
5.245000000000000107e+00
5.250000000000000000e+00
5.254999999999999893e+00
5.259999999999999787e+00
5.264999999999999680e+00
5.270000000000000462e+00
5.275000000000000355e+00
5.280000000000000249e+00
5.285000000000000142e+00
5.290000000000000036e+00
5.294999999999999929e+00
5.299999999999999822e+00
5.304999999999999716e+00
5.310000000000000497e+00
5.315000000000000391e+00
5.320000000000000284e+00
5.325000000000000178e+00
5.330000000000000071e+00
5.334999999999999964e+00
5.339999999999999858e+00
5.344999999999999751e+00
5.350000000000000533e+00
5.355000000000000426e+00
5.360000000000000320e+00
5.365000000000000213e+00
5.370000000000000107e+00
5.375000000000000000e+00
5.379999999999999893e+00
5.384999999999999787e+00
5.389999999999999680e+00
5.395000000000000462e+00
5.400000000000000355e+00
5.405000000000000249e+00
5.410000000000000142e+00
5.415000000000000036e+00
5.419999999999999929e+00
5.424999999999999822e+00
5.429999999999999716e+00
5.435000000000000497e+00
5.440000000000000391e+00
5.445000000000000284e+00
5.450000000000000178e+00
5.455000000000000071e+00
5.459999999999999964e+00
5.464999999999999858e+00
5.469999999999999751e+00
5.475000000000000533e+00
5.480000000000000426e+00
5.485000000000000320e+00
5.490000000000000213e+00
5.495000000000000107e+00
5.500000000000000000e+00
5.504999999999999893e+00
5.509999999999999787e+00
5.514999999999999680e+00
5.520000000000000462e+00
5.525000000000000355e+00
5.530000000000000249e+00
5.535000000000000142e+00
5.540000000000000036e+00
5.544999999999999929e+00
5.549999999999999822e+00
5.554999999999999716e+00
5.560000000000000497e+00
5.565000000000000391e+00
5.570000000000000284e+00
5.575000000000000178e+00
5.580000000000000071e+00
5.584999999999999964e+00
5.589999999999999858e+00
5.594999999999999751e+00
5.600000000000000533e+00
5.605000000000000426e+00
5.610000000000000320e+00
5.615000000000000213e+00
5.620000000000000107e+00
5.625000000000000000e+00
5.629999999999999893e+00
5.634999999999999787e+00
5.639999999999999680e+00
5.645000000000000462e+00
5.650000000000000355e+00
5.655000000000000249e+00
5.660000000000000142e+00
5.665000000000000036e+00
5.669999999999999929e+00
5.674999999999999822e+00
5.679999999999999716e+00
5.685000000000000497e+00
5.690000000000000391e+00
5.695000000000000284e+00
5.700000000000000178e+00
5.705000000000000071e+00
5.709999999999999964e+00
5.714999999999999858e+00
5.719999999999999751e+00
5.725000000000000533e+00
5.730000000000000426e+00
5.735000000000000320e+00
5.740000000000000213e+00
5.745000000000000107e+00
5.750000000000000000e+00
5.754999999999999893e+00
5.759999999999999787e+00
5.764999999999999680e+00
5.770000000000000462e+00
5.775000000000000355e+00
5.780000000000000249e+00
5.785000000000000142e+00
5.790000000000000036e+00
5.794999999999999929e+00
5.799999999999999822e+00
5.804999999999999716e+00
5.810000000000000497e+00
5.815000000000000391e+00
5.820000000000000284e+00
5.825000000000000178e+00
5.830000000000000071e+00
5.834999999999999964e+00
5.839999999999999858e+00
5.844999999999999751e+00
5.850000000000000533e+00
5.855000000000000426e+00
5.860000000000000320e+00
5.865000000000000213e+00
5.870000000000000107e+00
5.875000000000000000e+00
5.879999999999999893e+00
5.884999999999999787e+00
5.889999999999999680e+00
5.895000000000000462e+00
5.900000000000000355e+00
5.905000000000000249e+00
5.910000000000000142e+00
5.915000000000000036e+00
5.919999999999999929e+00
5.924999999999999822e+00
5.929999999999999716e+00
5.935000000000000497e+00
5.940000000000000391e+00
5.945000000000000284e+00
5.950000000000000178e+00
5.955000000000000071e+00
5.959999999999999964e+00
5.964999999999999858e+00
5.969999999999999751e+00
5.975000000000000533e+00
5.980000000000000426e+00
5.985000000000000320e+00
5.990000000000000213e+00
5.995000000000000107e+00
6.000000000000000000e+00
6.004999999999999893e+00
6.009999999999999787e+00
6.015000000000000568e+00
6.020000000000000462e+00
6.025000000000000355e+00
6.030000000000000249e+00
6.035000000000000142e+00
6.040000000000000036e+00
6.044999999999999929e+00
6.049999999999999822e+00
6.054999999999999716e+00
6.060000000000000497e+00
6.065000000000000391e+00
6.070000000000000284e+00
6.075000000000000178e+00
6.080000000000000071e+00
6.084999999999999964e+00
6.089999999999999858e+00
6.094999999999999751e+00
6.100000000000000533e+00
6.105000000000000426e+00
6.110000000000000320e+00
6.115000000000000213e+00
6.120000000000000107e+00
6.125000000000000000e+00
6.129999999999999893e+00
6.134999999999999787e+00
6.140000000000000568e+00
6.145000000000000462e+00
6.150000000000000355e+00
6.155000000000000249e+00
6.160000000000000142e+00
6.165000000000000036e+00
6.169999999999999929e+00
6.174999999999999822e+00
6.179999999999999716e+00
6.185000000000000497e+00
6.190000000000000391e+00
6.195000000000000284e+00
6.200000000000000178e+00
6.205000000000000071e+00
6.209999999999999964e+00
6.214999999999999858e+00
6.219999999999999751e+00
6.225000000000000533e+00
6.230000000000000426e+00
6.235000000000000320e+00
6.240000000000000213e+00
6.245000000000000107e+00
6.250000000000000000e+00
6.254999999999999893e+00
6.259999999999999787e+00
6.265000000000000568e+00
6.270000000000000462e+00
6.275000000000000355e+00
6.280000000000000249e+00
6.285000000000000142e+00
6.290000000000000036e+00
6.294999999999999929e+00
6.299999999999999822e+00
6.304999999999999716e+00
6.310000000000000497e+00
6.315000000000000391e+00
6.320000000000000284e+00
6.325000000000000178e+00
6.330000000000000071e+00
6.334999999999999964e+00
6.339999999999999858e+00
6.344999999999999751e+00
6.350000000000000533e+00
6.355000000000000426e+00
6.360000000000000320e+00
6.365000000000000213e+00
6.370000000000000107e+00
6.375000000000000000e+00
6.379999999999999893e+00
6.384999999999999787e+00
6.390000000000000568e+00
6.395000000000000462e+00
6.400000000000000355e+00
6.405000000000000249e+00
6.410000000000000142e+00
6.415000000000000036e+00
6.419999999999999929e+00
6.424999999999999822e+00
6.429999999999999716e+00
6.435000000000000497e+00
6.440000000000000391e+00
6.445000000000000284e+00
6.450000000000000178e+00
6.455000000000000071e+00
6.459999999999999964e+00
6.464999999999999858e+00
6.469999999999999751e+00
6.475000000000000533e+00
6.480000000000000426e+00
6.485000000000000320e+00
6.490000000000000213e+00
6.495000000000000107e+00
6.500000000000000000e+00
6.504999999999999893e+00
6.509999999999999787e+00
6.515000000000000568e+00
6.520000000000000462e+00
6.525000000000000355e+00
6.530000000000000249e+00
6.535000000000000142e+00
6.540000000000000036e+00
6.544999999999999929e+00
6.549999999999999822e+00
6.554999999999999716e+00
6.560000000000000497e+00
6.565000000000000391e+00
6.570000000000000284e+00
6.575000000000000178e+00
6.580000000000000071e+00
6.584999999999999964e+00
6.589999999999999858e+00
6.594999999999999751e+00
6.600000000000000533e+00
6.605000000000000426e+00
6.610000000000000320e+00
6.615000000000000213e+00
6.620000000000000107e+00
6.625000000000000000e+00
6.629999999999999893e+00
6.634999999999999787e+00
6.640000000000000568e+00
6.645000000000000462e+00
6.650000000000000355e+00
6.655000000000000249e+00
6.660000000000000142e+00
6.665000000000000036e+00
6.669999999999999929e+00
6.674999999999999822e+00
6.679999999999999716e+00
6.685000000000000497e+00
6.690000000000000391e+00
6.695000000000000284e+00
6.700000000000000178e+00
6.705000000000000071e+00
6.709999999999999964e+00
6.714999999999999858e+00
6.719999999999999751e+00
6.725000000000000533e+00
6.730000000000000426e+00
6.735000000000000320e+00
6.740000000000000213e+00
6.745000000000000107e+00
6.750000000000000000e+00
6.754999999999999893e+00
6.759999999999999787e+00
6.765000000000000568e+00
6.770000000000000462e+00
6.775000000000000355e+00
6.780000000000000249e+00
6.785000000000000142e+00
6.790000000000000036e+00
6.794999999999999929e+00
6.799999999999999822e+00
6.804999999999999716e+00
6.810000000000000497e+00
6.815000000000000391e+00
6.820000000000000284e+00
6.825000000000000178e+00
6.830000000000000071e+00
6.834999999999999964e+00
6.839999999999999858e+00
6.844999999999999751e+00
6.850000000000000533e+00
6.855000000000000426e+00
6.860000000000000320e+00
6.865000000000000213e+00
6.870000000000000107e+00
6.875000000000000000e+00
6.879999999999999893e+00
6.884999999999999787e+00
6.890000000000000568e+00
6.895000000000000462e+00
6.900000000000000355e+00
6.905000000000000249e+00
6.910000000000000142e+00
6.915000000000000036e+00
6.919999999999999929e+00
6.924999999999999822e+00
6.929999999999999716e+00
6.935000000000000497e+00
6.940000000000000391e+00
6.945000000000000284e+00
6.950000000000000178e+00
6.955000000000000071e+00
6.959999999999999964e+00
6.964999999999999858e+00
6.969999999999999751e+00
6.975000000000000533e+00
6.980000000000000426e+00
6.985000000000000320e+00
6.990000000000000213e+00
6.995000000000000107e+00
7.000000000000000000e+00
7.004999999999999893e+00
7.009999999999999787e+00
7.015000000000000568e+00
7.020000000000000462e+00
7.025000000000000355e+00
7.030000000000000249e+00
7.035000000000000142e+00
7.040000000000000036e+00
7.044999999999999929e+00
7.049999999999999822e+00
7.054999999999999716e+00
7.060000000000000497e+00
7.065000000000000391e+00
7.070000000000000284e+00
7.075000000000000178e+00
7.080000000000000071e+00
7.084999999999999964e+00
7.089999999999999858e+00
7.094999999999999751e+00
7.100000000000000533e+00
7.105000000000000426e+00
7.110000000000000320e+00
7.115000000000000213e+00
7.120000000000000107e+00
7.125000000000000000e+00
7.129999999999999893e+00
7.134999999999999787e+00
7.140000000000000568e+00
7.145000000000000462e+00
7.150000000000000355e+00
7.155000000000000249e+00
7.160000000000000142e+00
7.165000000000000036e+00
7.169999999999999929e+00
7.174999999999999822e+00
7.179999999999999716e+00
7.185000000000000497e+00
7.190000000000000391e+00
7.195000000000000284e+00
7.200000000000000178e+00
7.205000000000000071e+00
7.209999999999999964e+00
7.214999999999999858e+00
7.219999999999999751e+00
7.225000000000000533e+00
7.230000000000000426e+00
7.235000000000000320e+00
7.240000000000000213e+00
7.245000000000000107e+00
7.250000000000000000e+00
7.254999999999999893e+00
7.259999999999999787e+00
7.265000000000000568e+00
7.270000000000000462e+00
7.275000000000000355e+00
7.280000000000000249e+00
7.285000000000000142e+00
7.290000000000000036e+00
7.294999999999999929e+00
7.299999999999999822e+00
7.304999999999999716e+00
7.310000000000000497e+00
7.315000000000000391e+00
7.320000000000000284e+00
7.325000000000000178e+00
7.330000000000000071e+00
7.334999999999999964e+00
7.339999999999999858e+00
7.344999999999999751e+00
7.350000000000000533e+00
7.355000000000000426e+00
7.360000000000000320e+00
7.365000000000000213e+00
7.370000000000000107e+00
7.375000000000000000e+00
7.379999999999999893e+00
7.384999999999999787e+00
7.390000000000000568e+00
7.395000000000000462e+00
7.400000000000000355e+00
7.405000000000000249e+00
7.410000000000000142e+00
7.415000000000000036e+00
7.419999999999999929e+00
7.424999999999999822e+00
7.429999999999999716e+00
7.435000000000000497e+00
7.440000000000000391e+00
7.445000000000000284e+00
7.450000000000000178e+00
7.455000000000000071e+00
7.459999999999999964e+00
7.464999999999999858e+00
7.469999999999999751e+00
7.475000000000000533e+00
7.480000000000000426e+00
7.485000000000000320e+00
7.490000000000000213e+00
7.495000000000000107e+00
7.500000000000000000e+00
7.504999999999999893e+00
7.509999999999999787e+00
7.515000000000000568e+00
7.520000000000000462e+00
7.525000000000000355e+00
7.530000000000000249e+00
7.535000000000000142e+00
7.540000000000000036e+00
7.544999999999999929e+00
7.549999999999999822e+00
7.554999999999999716e+00
7.560000000000000497e+00
7.565000000000000391e+00
7.570000000000000284e+00
7.575000000000000178e+00
7.580000000000000071e+00
7.584999999999999964e+00
7.589999999999999858e+00
7.594999999999999751e+00
7.600000000000000533e+00
7.605000000000000426e+00
7.610000000000000320e+00
7.615000000000000213e+00
7.620000000000000107e+00
7.625000000000000000e+00
7.629999999999999893e+00
7.634999999999999787e+00
7.640000000000000568e+00
7.645000000000000462e+00
7.650000000000000355e+00
7.655000000000000249e+00
7.660000000000000142e+00
7.665000000000000036e+00
7.669999999999999929e+00
7.674999999999999822e+00
7.679999999999999716e+00
7.685000000000000497e+00
7.690000000000000391e+00
7.695000000000000284e+00
7.700000000000000178e+00
7.705000000000000071e+00
7.709999999999999964e+00
7.714999999999999858e+00
7.719999999999999751e+00
7.725000000000000533e+00
7.730000000000000426e+00
7.735000000000000320e+00
7.740000000000000213e+00
7.745000000000000107e+00
7.750000000000000000e+00
7.754999999999999893e+00
7.759999999999999787e+00
7.765000000000000568e+00
7.770000000000000462e+00
7.775000000000000355e+00
7.780000000000000249e+00
7.785000000000000142e+00
7.790000000000000036e+00
7.794999999999999929e+00
7.799999999999999822e+00
7.805000000000000604e+00
7.810000000000000497e+00
7.815000000000000391e+00
7.820000000000000284e+00
7.825000000000000178e+00
7.830000000000000071e+00
7.834999999999999964e+00
7.839999999999999858e+00
7.844999999999999751e+00
7.850000000000000533e+00
7.855000000000000426e+00
7.860000000000000320e+00
7.865000000000000213e+00
7.870000000000000107e+00
7.875000000000000000e+00
7.879999999999999893e+00
7.884999999999999787e+00
7.890000000000000568e+00
7.895000000000000462e+00
7.900000000000000355e+00
7.905000000000000249e+00
7.910000000000000142e+00
7.915000000000000036e+00
7.919999999999999929e+00
7.924999999999999822e+00
7.930000000000000604e+00
7.935000000000000497e+00
7.940000000000000391e+00
7.945000000000000284e+00
7.950000000000000178e+00
7.955000000000000071e+00
7.959999999999999964e+00
7.964999999999999858e+00
7.969999999999999751e+00
7.975000000000000533e+00
7.980000000000000426e+00
7.985000000000000320e+00
7.990000000000000213e+00
7.995000000000000107e+00
8.000000000000000000e+00
8.005000000000000782e+00
8.009999999999999787e+00
8.015000000000000568e+00
8.019999999999999574e+00
8.025000000000000355e+00
8.029999999999999361e+00
8.035000000000000142e+00
8.040000000000000924e+00
8.044999999999999929e+00
8.050000000000000711e+00
8.054999999999999716e+00
8.060000000000000497e+00
8.064999999999999503e+00
8.070000000000000284e+00
8.074999999999999289e+00
8.080000000000000071e+00
8.085000000000000853e+00
8.089999999999999858e+00
8.095000000000000639e+00
8.099999999999999645e+00
8.105000000000000426e+00
8.109999999999999432e+00
8.115000000000000213e+00
8.120000000000000995e+00
8.125000000000000000e+00
8.130000000000000782e+00
8.134999999999999787e+00
8.140000000000000568e+00
8.144999999999999574e+00
8.150000000000000355e+00
8.154999999999999361e+00
8.160000000000000142e+00
8.165000000000000924e+00
8.169999999999999929e+00
8.175000000000000711e+00
8.179999999999999716e+00
8.185000000000000497e+00
8.189999999999999503e+00
8.195000000000000284e+00
8.199999999999999289e+00
8.205000000000000071e+00
8.210000000000000853e+00
8.214999999999999858e+00
8.220000000000000639e+00
8.224999999999999645e+00
8.230000000000000426e+00
8.234999999999999432e+00
8.240000000000000213e+00
8.245000000000000995e+00
8.250000000000000000e+00
8.255000000000000782e+00
8.259999999999999787e+00
8.265000000000000568e+00
8.269999999999999574e+00
8.275000000000000355e+00
8.279999999999999361e+00
8.285000000000000142e+00
8.290000000000000924e+00
8.294999999999999929e+00
8.300000000000000711e+00
8.304999999999999716e+00
8.310000000000000497e+00
8.314999999999999503e+00
8.320000000000000284e+00
8.324999999999999289e+00
8.330000000000000071e+00
8.335000000000000853e+00
8.339999999999999858e+00
8.345000000000000639e+00
8.349999999999999645e+00
8.355000000000000426e+00
8.359999999999999432e+00
8.365000000000000213e+00
8.370000000000000995e+00
8.375000000000000000e+00
8.380000000000000782e+00
8.384999999999999787e+00
8.390000000000000568e+00
8.394999999999999574e+00
8.400000000000000355e+00
8.404999999999999361e+00
8.410000000000000142e+00
8.415000000000000924e+00
8.419999999999999929e+00
8.425000000000000711e+00
8.429999999999999716e+00
8.435000000000000497e+00
8.439999999999999503e+00
8.445000000000000284e+00
8.449999999999999289e+00
8.455000000000000071e+00
8.460000000000000853e+00
8.464999999999999858e+00
8.470000000000000639e+00
8.474999999999999645e+00
8.480000000000000426e+00
8.484999999999999432e+00
8.490000000000000213e+00
8.495000000000000995e+00
8.500000000000000000e+00
8.505000000000000782e+00
8.509999999999999787e+00
8.515000000000000568e+00
8.519999999999999574e+00
8.525000000000000355e+00
8.529999999999999361e+00
8.535000000000000142e+00
8.540000000000000924e+00
8.544999999999999929e+00
8.550000000000000711e+00
8.554999999999999716e+00
8.560000000000000497e+00
8.564999999999999503e+00
8.570000000000000284e+00
8.575000000000001066e+00
8.580000000000000071e+00
8.585000000000000853e+00
8.589999999999999858e+00
8.595000000000000639e+00
8.599999999999999645e+00
8.605000000000000426e+00
8.609999999999999432e+00
8.615000000000000213e+00
8.620000000000000995e+00
8.625000000000000000e+00
8.630000000000000782e+00
8.634999999999999787e+00
8.640000000000000568e+00
8.644999999999999574e+00
8.650000000000000355e+00
8.654999999999999361e+00
8.660000000000000142e+00
8.665000000000000924e+00
8.669999999999999929e+00
8.675000000000000711e+00
8.679999999999999716e+00
8.685000000000000497e+00
8.689999999999999503e+00
8.695000000000000284e+00
8.700000000000001066e+00
8.705000000000000071e+00
8.710000000000000853e+00
8.714999999999999858e+00
8.720000000000000639e+00
8.724999999999999645e+00
8.730000000000000426e+00
8.734999999999999432e+00
8.740000000000000213e+00
8.745000000000000995e+00
8.750000000000000000e+00
8.755000000000000782e+00
8.759999999999999787e+00
8.765000000000000568e+00
8.769999999999999574e+00
8.775000000000000355e+00
8.779999999999999361e+00
8.785000000000000142e+00
8.790000000000000924e+00
8.794999999999999929e+00
8.800000000000000711e+00
8.804999999999999716e+00
8.810000000000000497e+00
8.814999999999999503e+00
8.820000000000000284e+00
8.825000000000001066e+00
8.830000000000000071e+00
8.835000000000000853e+00
8.839999999999999858e+00
8.845000000000000639e+00
8.849999999999999645e+00
8.855000000000000426e+00
8.859999999999999432e+00
8.865000000000000213e+00
8.870000000000000995e+00
8.875000000000000000e+00
8.880000000000000782e+00
8.884999999999999787e+00
8.890000000000000568e+00
8.894999999999999574e+00
8.900000000000000355e+00
8.904999999999999361e+00
8.910000000000000142e+00
8.915000000000000924e+00
8.919999999999999929e+00
8.925000000000000711e+00
8.929999999999999716e+00
8.935000000000000497e+00
8.939999999999999503e+00
8.945000000000000284e+00
8.950000000000001066e+00
8.955000000000000071e+00
8.960000000000000853e+00
8.964999999999999858e+00
8.970000000000000639e+00
8.974999999999999645e+00
8.980000000000000426e+00
8.984999999999999432e+00
8.990000000000000213e+00
8.995000000000000995e+00
9.000000000000000000e+00
9.005000000000000782e+00
9.009999999999999787e+00
9.015000000000000568e+00
9.019999999999999574e+00
9.025000000000000355e+00
9.029999999999999361e+00
9.035000000000000142e+00
9.040000000000000924e+00
9.044999999999999929e+00
9.050000000000000711e+00
9.054999999999999716e+00
9.060000000000000497e+00
9.064999999999999503e+00
9.070000000000000284e+00
9.075000000000001066e+00
9.080000000000000071e+00
9.085000000000000853e+00
9.089999999999999858e+00
9.095000000000000639e+00
9.099999999999999645e+00
9.105000000000000426e+00
9.109999999999999432e+00
9.115000000000000213e+00
9.120000000000000995e+00
9.125000000000000000e+00
9.130000000000000782e+00
9.134999999999999787e+00
9.140000000000000568e+00
9.144999999999999574e+00
9.150000000000000355e+00
9.154999999999999361e+00
9.160000000000000142e+00
9.165000000000000924e+00
9.169999999999999929e+00
9.175000000000000711e+00
9.179999999999999716e+00
9.185000000000000497e+00
9.189999999999999503e+00
9.195000000000000284e+00
9.200000000000001066e+00
9.205000000000000071e+00
9.210000000000000853e+00
9.214999999999999858e+00
9.220000000000000639e+00
9.224999999999999645e+00
9.230000000000000426e+00
9.234999999999999432e+00
9.240000000000000213e+00
9.245000000000000995e+00
9.250000000000000000e+00
9.255000000000000782e+00
9.259999999999999787e+00
9.265000000000000568e+00
9.269999999999999574e+00
9.275000000000000355e+00
9.279999999999999361e+00
9.285000000000000142e+00
9.290000000000000924e+00
9.294999999999999929e+00
9.300000000000000711e+00
9.304999999999999716e+00
9.310000000000000497e+00
9.314999999999999503e+00
9.320000000000000284e+00
9.325000000000001066e+00
9.330000000000000071e+00
9.335000000000000853e+00
9.339999999999999858e+00
9.345000000000000639e+00
9.349999999999999645e+00
9.355000000000000426e+00
9.359999999999999432e+00
9.365000000000000213e+00
9.370000000000000995e+00
9.375000000000000000e+00
9.380000000000000782e+00
9.384999999999999787e+00
9.390000000000000568e+00
9.394999999999999574e+00
9.400000000000000355e+00
9.404999999999999361e+00
9.410000000000000142e+00
9.415000000000000924e+00
9.419999999999999929e+00
9.425000000000000711e+00
9.429999999999999716e+00
9.435000000000000497e+00
9.439999999999999503e+00
9.445000000000000284e+00
9.450000000000001066e+00
9.455000000000000071e+00
9.460000000000000853e+00
9.464999999999999858e+00
9.470000000000000639e+00
9.474999999999999645e+00
9.480000000000000426e+00
9.484999999999999432e+00
9.490000000000000213e+00
9.495000000000000995e+00
9.500000000000000000e+00
9.505000000000000782e+00
9.509999999999999787e+00
9.515000000000000568e+00
9.519999999999999574e+00
9.525000000000000355e+00
9.529999999999999361e+00
9.535000000000000142e+00
9.540000000000000924e+00
9.544999999999999929e+00
9.550000000000000711e+00
9.554999999999999716e+00
9.560000000000000497e+00
9.564999999999999503e+00
9.570000000000000284e+00
9.575000000000001066e+00
9.580000000000000071e+00
9.585000000000000853e+00
9.589999999999999858e+00
9.595000000000000639e+00
9.599999999999999645e+00
9.605000000000000426e+00
9.609999999999999432e+00
9.615000000000000213e+00
9.620000000000000995e+00
9.625000000000000000e+00
9.630000000000000782e+00
9.634999999999999787e+00
9.640000000000000568e+00
9.644999999999999574e+00
9.650000000000000355e+00
9.654999999999999361e+00
9.660000000000000142e+00
9.665000000000000924e+00
9.669999999999999929e+00
9.675000000000000711e+00
9.679999999999999716e+00
9.685000000000000497e+00
9.689999999999999503e+00
9.695000000000000284e+00
9.700000000000001066e+00
9.705000000000000071e+00
9.710000000000000853e+00
9.714999999999999858e+00
9.720000000000000639e+00
9.724999999999999645e+00
9.730000000000000426e+00
9.734999999999999432e+00
9.740000000000000213e+00
9.745000000000000995e+00
9.750000000000000000e+00
9.755000000000000782e+00
9.759999999999999787e+00
9.765000000000000568e+00
9.769999999999999574e+00
9.775000000000000355e+00
9.779999999999999361e+00
9.785000000000000142e+00
9.790000000000000924e+00
9.794999999999999929e+00
9.800000000000000711e+00
9.804999999999999716e+00
9.810000000000000497e+00
9.814999999999999503e+00
9.820000000000000284e+00
9.825000000000001066e+00
9.830000000000000071e+00
9.835000000000000853e+00
9.839999999999999858e+00
9.845000000000000639e+00
9.849999999999999645e+00
9.855000000000000426e+00
9.859999999999999432e+00
9.865000000000000213e+00
9.870000000000000995e+00
9.875000000000000000e+00
9.880000000000000782e+00
9.884999999999999787e+00
9.890000000000000568e+00
9.894999999999999574e+00
9.900000000000000355e+00
9.904999999999999361e+00
9.910000000000000142e+00
9.915000000000000924e+00
9.919999999999999929e+00
9.925000000000000711e+00
9.929999999999999716e+00
9.935000000000000497e+00
9.939999999999999503e+00
9.945000000000000284e+00
9.950000000000001066e+00
9.955000000000000071e+00
9.960000000000000853e+00
9.964999999999999858e+00
9.970000000000000639e+00
9.974999999999999645e+00
9.980000000000000426e+00
9.984999999999999432e+00
9.990000000000000213e+00
9.995000000000000995e+00
1.000000000000000000e+01
1.000500000000000078e+01
1.000999999999999979e+01
1.001500000000000057e+01
1.001999999999999957e+01
1.002500000000000036e+01
1.002999999999999936e+01
1.003500000000000014e+01
1.004000000000000092e+01
1.004499999999999993e+01
1.005000000000000071e+01
1.005499999999999972e+01
1.006000000000000050e+01
1.006499999999999950e+01
1.007000000000000028e+01
1.007500000000000107e+01
1.008000000000000007e+01
1.008500000000000085e+01
1.008999999999999986e+01
1.009500000000000064e+01
1.009999999999999964e+01
1.010500000000000043e+01
1.010999999999999943e+01
1.011500000000000021e+01
1.012000000000000099e+01
1.012500000000000000e+01
1.013000000000000078e+01
1.013499999999999979e+01
1.014000000000000057e+01
1.014499999999999957e+01
1.015000000000000036e+01
1.015499999999999936e+01
1.016000000000000014e+01
1.016500000000000092e+01
1.016999999999999993e+01
1.017500000000000071e+01
1.017999999999999972e+01
1.018500000000000050e+01
1.018999999999999950e+01
1.019500000000000028e+01
1.020000000000000107e+01
1.020500000000000007e+01
1.021000000000000085e+01
1.021499999999999986e+01
1.022000000000000064e+01
1.022499999999999964e+01
1.023000000000000043e+01
1.023499999999999943e+01
1.024000000000000021e+01
1.024500000000000099e+01
1.025000000000000000e+01
1.025500000000000078e+01
1.025999999999999979e+01
1.026500000000000057e+01
1.026999999999999957e+01
1.027500000000000036e+01
1.027999999999999936e+01
1.028500000000000014e+01
1.029000000000000092e+01
1.029499999999999993e+01
1.030000000000000071e+01
1.030499999999999972e+01
1.031000000000000050e+01
1.031499999999999950e+01
1.032000000000000028e+01
1.032500000000000107e+01
1.033000000000000007e+01
1.033500000000000085e+01
1.033999999999999986e+01
1.034500000000000064e+01
1.034999999999999964e+01
1.035500000000000043e+01
1.035999999999999943e+01
1.036500000000000021e+01
1.037000000000000099e+01
1.037500000000000000e+01
1.038000000000000078e+01
1.038499999999999979e+01
1.039000000000000057e+01
1.039499999999999957e+01
1.040000000000000036e+01
1.040499999999999936e+01
1.041000000000000014e+01
1.041500000000000092e+01
1.041999999999999993e+01
1.042500000000000071e+01
1.042999999999999972e+01
1.043500000000000050e+01
1.043999999999999950e+01
1.044500000000000028e+01
1.045000000000000107e+01
1.045500000000000007e+01
1.046000000000000085e+01
1.046499999999999986e+01
1.047000000000000064e+01
1.047499999999999964e+01
1.048000000000000043e+01
1.048499999999999943e+01
1.049000000000000021e+01
1.049500000000000099e+01
1.050000000000000000e+01
1.050500000000000078e+01
1.050999999999999979e+01
1.051500000000000057e+01
1.051999999999999957e+01
1.052500000000000036e+01
1.052999999999999936e+01
1.053500000000000014e+01
1.054000000000000092e+01
1.054499999999999993e+01
1.055000000000000071e+01
1.055499999999999972e+01
1.056000000000000050e+01
1.056499999999999950e+01
1.057000000000000028e+01
1.057500000000000107e+01
1.058000000000000007e+01
1.058500000000000085e+01
1.058999999999999986e+01
1.059500000000000064e+01
1.059999999999999964e+01
1.060500000000000043e+01
1.060999999999999943e+01
1.061500000000000021e+01
1.062000000000000099e+01
1.062500000000000000e+01
1.063000000000000078e+01
1.063499999999999979e+01
1.064000000000000057e+01
1.064499999999999957e+01
1.065000000000000036e+01
1.065499999999999936e+01
1.066000000000000014e+01
1.066500000000000092e+01
1.066999999999999993e+01
1.067500000000000071e+01
1.067999999999999972e+01
1.068500000000000050e+01
1.068999999999999950e+01
1.069500000000000028e+01
1.070000000000000107e+01
1.070500000000000007e+01
1.071000000000000085e+01
1.071499999999999986e+01
1.072000000000000064e+01
1.072499999999999964e+01
1.073000000000000043e+01
1.073499999999999943e+01
1.074000000000000021e+01
1.074500000000000099e+01
1.075000000000000000e+01
1.075500000000000078e+01
1.075999999999999979e+01
1.076500000000000057e+01
1.076999999999999957e+01
1.077500000000000036e+01
1.077999999999999936e+01
1.078500000000000014e+01
1.079000000000000092e+01
1.079499999999999993e+01
1.080000000000000071e+01
1.080499999999999972e+01
1.081000000000000050e+01
1.081499999999999950e+01
1.082000000000000028e+01
1.082500000000000107e+01
1.083000000000000007e+01
1.083500000000000085e+01
1.083999999999999986e+01
1.084500000000000064e+01
1.084999999999999964e+01
1.085500000000000043e+01
1.085999999999999943e+01
1.086500000000000021e+01
1.087000000000000099e+01
1.087500000000000000e+01
1.088000000000000078e+01
1.088499999999999979e+01
1.089000000000000057e+01
1.089499999999999957e+01
1.090000000000000036e+01
1.090499999999999936e+01
1.091000000000000014e+01
1.091500000000000092e+01
1.091999999999999993e+01
1.092500000000000071e+01
1.092999999999999972e+01
1.093500000000000050e+01
1.093999999999999950e+01
1.094500000000000028e+01
1.095000000000000107e+01
1.095500000000000007e+01
1.096000000000000085e+01
1.096499999999999986e+01
1.097000000000000064e+01
1.097499999999999964e+01
1.098000000000000043e+01
1.098499999999999943e+01
1.099000000000000021e+01
1.099500000000000099e+01
1.100000000000000000e+01
1.100500000000000078e+01
1.100999999999999979e+01
1.101500000000000057e+01
1.101999999999999957e+01
1.102500000000000036e+01
1.102999999999999936e+01
1.103500000000000014e+01
1.104000000000000092e+01
1.104499999999999993e+01
1.105000000000000071e+01
1.105499999999999972e+01
1.106000000000000050e+01
1.106499999999999950e+01
1.107000000000000028e+01
1.107500000000000107e+01
1.108000000000000007e+01
1.108500000000000085e+01
1.108999999999999986e+01
1.109500000000000064e+01
1.109999999999999964e+01
1.110500000000000043e+01
1.110999999999999943e+01
1.111500000000000021e+01
1.112000000000000099e+01
1.112500000000000000e+01
1.113000000000000078e+01
1.113499999999999979e+01
1.114000000000000057e+01
1.114499999999999957e+01
1.115000000000000036e+01
1.115499999999999936e+01
1.116000000000000014e+01
1.116500000000000092e+01
1.116999999999999993e+01
1.117500000000000071e+01
1.117999999999999972e+01
1.118500000000000050e+01
1.118999999999999950e+01
1.119500000000000028e+01
1.120000000000000107e+01
1.120500000000000007e+01
1.121000000000000085e+01
1.121499999999999986e+01
1.122000000000000064e+01
1.122499999999999964e+01
1.123000000000000043e+01
1.123499999999999943e+01
1.124000000000000021e+01
1.124500000000000099e+01
1.125000000000000000e+01
1.125500000000000078e+01
1.125999999999999979e+01
1.126500000000000057e+01
1.126999999999999957e+01
1.127500000000000036e+01
1.127999999999999936e+01
1.128500000000000014e+01
1.129000000000000092e+01
1.129499999999999993e+01
1.130000000000000071e+01
1.130499999999999972e+01
1.131000000000000050e+01
1.131499999999999950e+01
1.132000000000000028e+01
1.132500000000000107e+01
1.133000000000000007e+01
1.133500000000000085e+01
1.133999999999999986e+01
1.134500000000000064e+01
1.134999999999999964e+01
1.135500000000000043e+01
1.135999999999999943e+01
1.136500000000000021e+01
1.137000000000000099e+01
1.137500000000000000e+01
1.138000000000000078e+01
1.138499999999999979e+01
1.139000000000000057e+01
1.139499999999999957e+01
1.140000000000000036e+01
1.140499999999999936e+01
1.141000000000000014e+01
1.141500000000000092e+01
1.141999999999999993e+01
1.142500000000000071e+01
1.142999999999999972e+01
1.143500000000000050e+01
1.143999999999999950e+01
1.144500000000000028e+01
1.145000000000000107e+01
1.145500000000000007e+01
1.146000000000000085e+01
1.146499999999999986e+01
1.147000000000000064e+01
1.147499999999999964e+01
1.148000000000000043e+01
1.148499999999999943e+01
1.149000000000000021e+01
1.149500000000000099e+01
1.150000000000000000e+01
1.150500000000000078e+01
1.150999999999999979e+01
1.151500000000000057e+01
1.151999999999999957e+01
1.152500000000000036e+01
1.152999999999999936e+01
1.153500000000000014e+01
1.154000000000000092e+01
1.154499999999999993e+01
1.155000000000000071e+01
1.155499999999999972e+01
1.156000000000000050e+01
1.156499999999999950e+01
1.157000000000000028e+01
1.157500000000000107e+01
1.158000000000000007e+01
1.158500000000000085e+01
1.158999999999999986e+01
1.159500000000000064e+01
1.159999999999999964e+01
1.160500000000000043e+01
1.160999999999999943e+01
1.161500000000000021e+01
1.162000000000000099e+01
1.162500000000000000e+01
1.163000000000000078e+01
1.163499999999999979e+01
1.164000000000000057e+01
1.164499999999999957e+01
1.165000000000000036e+01
1.165499999999999936e+01
1.166000000000000014e+01
1.166500000000000092e+01
1.166999999999999993e+01
1.167500000000000071e+01
1.167999999999999972e+01
1.168500000000000050e+01
1.168999999999999950e+01
1.169500000000000028e+01
1.170000000000000107e+01
1.170500000000000007e+01
1.171000000000000085e+01
1.171499999999999986e+01
1.172000000000000064e+01
1.172499999999999964e+01
1.173000000000000043e+01
1.173499999999999943e+01
1.174000000000000021e+01
1.174500000000000099e+01
1.175000000000000000e+01
1.175500000000000078e+01
1.175999999999999979e+01
1.176500000000000057e+01
1.176999999999999957e+01
1.177500000000000036e+01
1.177999999999999936e+01
1.178500000000000014e+01
1.179000000000000092e+01
1.179499999999999993e+01
1.180000000000000071e+01
1.180499999999999972e+01
1.181000000000000050e+01
1.181499999999999950e+01
1.182000000000000028e+01
1.182500000000000107e+01
1.183000000000000007e+01
1.183500000000000085e+01
1.183999999999999986e+01
1.184500000000000064e+01
1.184999999999999964e+01
1.185500000000000043e+01
1.185999999999999943e+01
1.186500000000000021e+01
1.187000000000000099e+01
1.187500000000000000e+01
1.188000000000000078e+01
1.188499999999999979e+01
1.189000000000000057e+01
1.189499999999999957e+01
1.190000000000000036e+01
1.190499999999999936e+01
1.191000000000000014e+01
1.191500000000000092e+01
1.191999999999999993e+01
1.192500000000000071e+01
1.192999999999999972e+01
1.193500000000000050e+01
1.193999999999999950e+01
1.194500000000000028e+01
1.195000000000000107e+01
1.195500000000000007e+01
1.196000000000000085e+01
1.196499999999999986e+01
1.197000000000000064e+01
1.197499999999999964e+01
1.198000000000000043e+01
1.198499999999999943e+01
1.199000000000000021e+01
1.199500000000000099e+01
1.200000000000000000e+01
1.200500000000000078e+01
1.200999999999999979e+01
1.201500000000000057e+01
1.201999999999999957e+01
1.202500000000000036e+01
1.203000000000000114e+01
1.203500000000000014e+01
1.204000000000000092e+01
1.204499999999999993e+01
1.205000000000000071e+01
1.205499999999999972e+01
1.206000000000000050e+01
1.206499999999999950e+01
1.207000000000000028e+01
1.207500000000000107e+01
1.208000000000000007e+01
1.208500000000000085e+01
1.208999999999999986e+01
1.209500000000000064e+01
1.209999999999999964e+01
1.210500000000000043e+01
1.210999999999999943e+01
1.211500000000000021e+01
1.212000000000000099e+01
1.212500000000000000e+01
1.213000000000000078e+01
1.213499999999999979e+01
1.214000000000000057e+01
1.214499999999999957e+01
1.215000000000000036e+01
1.215500000000000114e+01
1.216000000000000014e+01
1.216500000000000092e+01
1.216999999999999993e+01
1.217500000000000071e+01
1.217999999999999972e+01
1.218500000000000050e+01
1.218999999999999950e+01
1.219500000000000028e+01
1.220000000000000107e+01
1.220500000000000007e+01
1.221000000000000085e+01
1.221499999999999986e+01
1.222000000000000064e+01
1.222499999999999964e+01
1.223000000000000043e+01
1.223499999999999943e+01
1.224000000000000021e+01
1.224500000000000099e+01
1.225000000000000000e+01
1.225500000000000078e+01
1.225999999999999979e+01
1.226500000000000057e+01
1.226999999999999957e+01
1.227500000000000036e+01
1.228000000000000114e+01
1.228500000000000014e+01
1.229000000000000092e+01
1.229499999999999993e+01
1.230000000000000071e+01
1.230499999999999972e+01
1.231000000000000050e+01
1.231499999999999950e+01
1.232000000000000028e+01
1.232500000000000107e+01
1.233000000000000007e+01
1.233500000000000085e+01
1.233999999999999986e+01
1.234500000000000064e+01
1.234999999999999964e+01
1.235500000000000043e+01
1.235999999999999943e+01
1.236500000000000021e+01
1.237000000000000099e+01
1.237500000000000000e+01
1.238000000000000078e+01
1.238499999999999979e+01
1.239000000000000057e+01
1.239499999999999957e+01
1.240000000000000036e+01
1.240500000000000114e+01
1.241000000000000014e+01
1.241500000000000092e+01
1.241999999999999993e+01
1.242500000000000071e+01
1.242999999999999972e+01
1.243500000000000050e+01
1.243999999999999950e+01
1.244500000000000028e+01
1.245000000000000107e+01
1.245500000000000007e+01
1.246000000000000085e+01
1.246499999999999986e+01
1.247000000000000064e+01
1.247499999999999964e+01
1.248000000000000043e+01
1.248499999999999943e+01
1.249000000000000021e+01
1.249500000000000099e+01
