-3.505536389258925301e-01
-2.441757349037488589e-01
-1.084338227834866775e-01
1.075627238636100769e+00
-2.144378550691920515e-01
-5.959606310667340257e-01
-3.638261916539465290e-01
-9.894429533067505833e-01
6.336990015316403824e-01
-6.456361023054663084e-01
-1.284178223870632018e-01
-6.443314962083467323e-01
2.720574428915410459e-01
6.696425673861477676e-03
-2.874917273692735309e-01
-7.584035666073373795e-03
6.400737103877992551e-01
-2.508090947772602386e-02
-3.923662211434617020e-01
2.178476037719017377e-01
-5.487641971183365719e-02
-3.903276617527492998e-02
5.728950709360566274e-01
-2.790934404470286623e-01
1.542088906759992717e-01
-6.582720825762920780e-02
6.081326280658373717e-02
-1.017328051004835920e+00
-3.523096669510544232e-01
1.503744119752871422e-01
-1.259886633390213673e-01
3.824432074064916254e-01
-3.422605541984435895e-01
-2.948276921907664883e-01
5.937544959979666748e-02
-8.023716316647693247e-01
-4.091154952690345681e-01
7.137024509901557234e-01
3.205123452787762145e-02
-6.245449055752996803e-02
-9.429235147555489749e-02
-2.438957958407268756e-01
6.671071845906965114e-01
-4.545567443608077851e-01
-2.031032093675579908e-01
2.863036721141599128e-01
3.218647723664706528e-01
-4.447414300735505477e-02
-3.196004030433962084e-01
4.495947720630033562e-01
-2.809797500271608572e-01
3.162498879869600488e-03
-8.320614341113748980e-01
3.539726610759478392e-02
7.364202310870032742e-01
2.658713706318961423e-01
-3.692982651802430016e-01
-1.599047764194792554e-01
1.474936494127631614e-01
3.434978507721748314e-02
5.632866517184954569e-01
-3.492119567734415231e-01
2.342030367549944314e-01
-1.415173885749836657e-01
-1.502558683371573722e-01
2.517823717998408650e-01
8.549012339175957598e-01
7.899466416252645118e-01
-5.015370370836920166e-01
-5.184703656958357387e-02
2.169055147417262019e-01
2.704941949785030775e-03
-2.964567485295773186e-01
7.524128209644148635e-02
-5.197745172828263649e-02
-6.138095630934261582e-01
2.869718402280059255e-01
-5.189840114531687476e-01
7.939989314945208321e-01
1.203095828750878393e+00
4.497067036687613095e-02
-1.005897866100608606e+00
-5.693828458755757493e-01
-1.317688910806608105e-01
-1.091189278535254492e-01
3.105842022817678627e-02
3.425670161055176521e-01
-7.857049088309776552e-01
4.707343421804911499e-01
-6.175288101373672678e-01
6.058616234424878400e-01
8.813642781314355856e-01
5.435909125611412263e-01
4.314127267464414883e-01
4.662331823590896707e-01
-3.013562936306299345e-02
6.619054245809812276e-01
1.183306421834152022e+00
5.289056709095621978e-01
-2.822278209297395257e-01
-7.272622104815280597e-01
2.240168969736514859e-01
1.949081032544597303e-03
5.085213832955245983e-02
7.399363696024470194e-01
1.660276558712156514e-02
9.927454558192592149e-01
3.006948428108164872e-01
9.876439471305658024e-01
7.678198733317811442e-01
1.426807027776728409e+00
2.427943092003885528e-01
-7.586607807159868599e-01
2.184043792684651208e-01
-2.546416543050397108e-01
-5.933944370160315618e-03
8.195764603660264935e-01
-2.514842477504226625e-01
1.829791563249175967e-01
4.860156813669261888e-01
4.744794744957339105e-01
6.973062978600907957e-02
3.694665320096243155e-01
5.255585907977798898e-01
-2.860473868424409649e-01
8.891959236033103453e-01
-1.222940733179422867e-01
4.161499316980649676e-01
4.889151513888931322e-01
8.469080452698214412e-01
4.662331375559542468e-01
1.017415216823712942e+00
-2.458369214856470641e-01
4.641573618028832504e-02
-4.143369685093380994e-01
5.166713138298069108e-01
6.981820399393522392e-01
-5.389838626811255251e-02
3.364581386535542284e-01
-4.413844172367523133e-01
6.269423634562729664e-01
-3.738661746542954467e-01
3.520922532533196092e-01
1.941150748814309157e+00
7.170553446461145342e-01
4.976573334845706409e-01
9.193167155798769308e-01
1.019223233718614008e+00
-5.788012501863909476e-01
-1.296658913213133424e-02
-3.278648482558799149e-02
6.209343504568600736e-01
6.023996354114963259e-01
4.591808779177234956e-01
2.914502762059410501e-01
5.613157124804475373e-01
2.415453749236441960e-01
1.629137754930009230e+00
3.505097854514511724e-01
3.566725768685357068e-01
3.374501942877153882e-01
7.684871922714257009e-01
6.470866020179402156e-01
1.878829630183809218e-02
5.818091077190402638e-01
2.500323725476235603e-01
3.051023682455352715e-01
6.801512689933264522e-02
2.172895575856392814e-02
8.589601137674078846e-01
1.476696400971271084e+00
1.069536410385952152e+00
1.555039570885418776e+00
6.601178528541677970e-01
7.932879427327836908e-01
7.348672695215477946e-01
3.767782967413551565e-01
1.028838139396642815e+00
1.057810617512701112e+00
1.372323622782988028e+00
7.597969126678755236e-01
5.645552202621502147e-01
8.588934011886251163e-01
1.137475217843942010e+00
3.510936245866080885e-02
-3.408784862767473278e-01
1.611893660920328264e-01
-5.687858592168437699e-02
6.742875209859187091e-01
9.108541136964166673e-01
1.123514276889461483e+00
1.611584823785855436e-01
6.448935220816165437e-01
1.695270236510763029e-01
1.361782284814964772e+00
9.653339292925495752e-01
3.155023911465844044e-01
1.292924346355902587e+00
1.031657470352390860e+00
1.006005406980196693e+00
5.711236734666959025e-01
1.184618253532577992e+00
1.424899446116430601e+00
1.515238551747535745e+00
6.122233728265722430e-01
1.298902545004415598e+00
6.666861642003008015e-01
5.180862694099594989e-01
4.928617789377174874e-01
9.830951249181667517e-01
1.255547303902846634e+00
2.296334392920129641e-02
8.582036942686885883e-01
3.701873051113037105e-01
1.925933690641483675e-01
9.075303380884923721e-01
1.332984684943416154e+00
8.175309454881158899e-01
1.498157451281579400e+00
1.202890084381939451e+00
7.671280022273287980e-01
1.639371005435769302e+00
1.362588523690687836e+00
1.168259540895228987e+00
1.265992774747088490e+00
2.148367956679243740e+00
6.420471787513453155e-01
1.341965983394505235e+00
1.783401145377433439e+00
1.268284115550669000e+00
9.102014888201515053e-02
9.180595823093239405e-01
1.790185561906247003e+00
1.081387074888879862e+00
1.630386129059955280e+00
1.045129677198206153e+00
9.636769107652608524e-01
1.491726062791979057e+00
1.551548005679034503e+00
8.872694341332296730e-01
4.838481098769277233e-01
7.624467293888597119e-01
1.183356831890175265e+00
1.175639359376849491e+00
1.285401220959679902e+00
9.088778438548050786e-01
1.037380021838143707e+00
9.776562336748244597e-01
1.101383413634763109e+00
2.479376562950940110e-01
1.638480453210389598e+00
2.635534191618055466e+00
1.397062178876377958e+00
1.379942297440410526e+00
1.118774646776661719e+00
1.307283626311427582e+00
2.452498469513443302e-01
1.016340708303854701e+00
1.604935112010394072e+00
1.556339849415878218e+00
2.735089580141225607e-01
1.169285239353446082e+00
2.147762629505586496e+00
2.295857010461381353e+00
8.960424302516558637e-01
2.033999693347259718e+00
1.054327977516348325e+00
1.727963908901159362e+00
7.143610274889066192e-01
1.927179465062536234e+00
1.895383591327599371e+00
1.761968482386216062e+00
1.368044161320972618e+00
1.487953631036284641e+00
1.270042619485688862e+00
1.969948353037141331e+00
1.094228663760683284e+00
1.469356298267370686e+00
8.574279354220631921e-01
1.107556032836323645e+00
1.289715183307478030e+00
7.516802166300946553e-01
9.053929499299213646e-01
1.799711760382563641e+00
1.590891090700086163e+00
1.727352887824499250e+00
6.312895032561145481e-01
9.702381327133069444e-01
1.682465650694975778e+00
9.303714778177538669e-01
7.293214292657466125e-01
1.453709268724320269e+00
1.816446578623494679e+00
2.260855910170300298e+00
1.654202918441302739e+00
1.405949072345841655e+00
1.491492959294883347e+00
1.918133433906521690e+00
2.368998180248999219e+00
1.089161940730664302e+00
1.126006032000405721e+00
1.633735450460980454e+00
2.386043557414125438e+00
9.461837794240665067e-01
9.221192246993540342e-01
1.326224440784412595e+00
1.366622721771399318e+00
1.408657317565023215e+00
1.592444262973610414e+00
1.693823833109412869e+00
2.421808315788735122e+00
1.216703188517762602e+00
1.697953234108880993e+00
1.558303706930343813e+00
2.684425699375221797e+00
1.341460415976895471e+00
1.190943999480223336e+00
1.626775371156376160e+00
1.521404436748470701e+00
2.000496501268945959e+00
5.189699443092086195e-01
1.555002041643319455e+00
1.199336692628861112e+00
1.205123217406701031e+00
1.768525598087665962e+00
1.855673178926813272e+00
1.425503632662298958e+00
1.226274440999659099e+00
9.743889430208481084e-01
2.009252930032209061e+00
2.387810232981760983e+00
1.439937599669894430e+00
2.135574863619711383e+00
2.403929521802457892e+00
2.129585689101235246e+00
1.359903357030815885e+00
2.007646040920958885e+00
1.572963455947340883e+00
2.697423721075216996e+00
2.108087160708606245e+00
1.581185805976680125e+00
1.010550348984455393e+00
1.423298949441553551e+00
1.639525730160062977e+00
2.148239448757114811e+00
5.218858589238777324e-01
2.310111456532822238e+00
2.185248287600324080e+00
1.664749895543053082e+00
1.590369826086691862e+00
2.400550050650873235e+00
1.747901953172141143e+00
1.615195036481532620e+00
2.024150454942580168e+00
1.779683365356037550e+00
1.943135018945912007e+00
1.097929086769034335e+00
1.290270473290949571e+00
1.877829968629433521e+00
1.839273780263770641e+00
1.961007287711584057e+00
1.372074272525185989e+00
2.848242461300805495e+00
1.979998989528708453e+00
2.729681867570039167e+00
1.090661572298887272e+00
1.860151648328904450e+00
1.475199704248462584e+00
2.781441897897253490e+00
1.999927704300597187e+00
1.799836930057538087e+00
2.639829039721018678e+00
1.669475223897434857e+00
1.564932735832670341e+00
1.697356841780719883e+00
1.634972813398493097e+00
1.920897016029519566e+00
1.225636727243831992e+00
1.943310418397621087e+00
2.255848207507940018e+00
2.374374245691791785e+00
2.556318840965951189e+00
2.276969311414393182e+00
1.732020803645883511e+00
1.392866720954055060e+00
1.217265896600632225e+00
2.301531218891088137e+00
1.420285349626889682e+00
2.321682124482415510e+00
2.045360749370418230e+00
2.749897302665379684e+00
2.002241746798521405e+00
1.602838916257826041e+00
2.168548800967780465e+00
1.173050383101433836e+00
2.609568643664722742e+00
2.486360225042743899e+00
1.481228918446962917e+00
5.703510567862912772e-01
1.491751074465694771e+00
1.573892970652932100e+00
1.068860942219926446e+00
2.157671556475211805e+00
8.629758940565572800e-01
2.144207087845767301e+00
2.507584156890493077e+00
2.050793891406483382e+00
1.968845787071718423e+00
1.766794729978324430e+00
1.433384785040149101e+00
2.192987350541889757e+00
1.498220327032364185e+00
1.910655572514577738e+00
2.035954256331016676e+00
2.222757968664919481e+00
2.432181024976380890e+00
1.520399250024270454e+00
1.813879869854927218e+00
1.661413340997997201e+00
1.300459771834257872e+00
2.772037903482464039e+00
1.759647867879962080e+00
1.856399207309448851e+00
1.316609989998851704e+00
1.518305989796464806e+00
1.924240312300277145e+00
2.109812984358069521e+00
2.420899241313545058e+00
2.383025082906599756e+00
1.304978669642419487e+00
1.798172785463031387e+00
2.054051524292775266e+00
1.713486276538790376e+00
1.804700980612031547e+00
1.842533921227707872e+00
2.541952689561893131e+00
2.701203644043906671e+00
1.553807107692815714e+00
1.458743739730050892e+00
1.323287490451920068e+00
2.317489068991448242e+00
2.624790235444030895e+00
1.762730890821629259e+00
1.262586907715602003e+00
2.107949846611387290e+00
2.655930491201097698e+00
2.102611543547708184e+00
1.971238625951576395e+00
2.159252367569901132e+00
7.702934619403072336e-01
1.535733328997348712e+00
1.644997318387835916e+00
1.583968668734307750e+00
2.279257962425247364e+00
1.116809430309820383e+00
1.606254746277166134e+00
1.745753284729132604e+00
2.766057656046323032e+00
1.012408175796407406e+00
2.525904279927986273e+00
2.171177161632813490e+00
2.575448693939173417e+00
3.458541487971660278e-01
1.057410794755659467e+00
2.356023069106937928e+00
1.588067591262124267e+00
1.068549459679279723e+00
8.955537056694055087e-01
1.222652776467951563e+00
9.030864291001685640e-01
2.145167892076286442e+00
1.934588582802750700e+00
1.657392507130584614e+00
1.143089891873913633e+00
1.073572549409224308e+00
2.162482620271816813e+00
1.552003690247829359e+00
2.723101316471689515e+00
1.825269184618691698e+00
1.444259869148476261e+00
2.303958313319088624e+00
1.647064750071015160e+00
1.776127658179525781e+00
1.459658412930354032e+00
4.576517943312585768e-01
1.515953038286684373e+00
1.330224840465604741e+00
1.394263664074538278e+00
1.118123483245567540e+00
1.824002028637947470e+00
1.449650640176825211e+00
2.311293116293513528e+00
1.934751984229326816e+00
9.786090533962362725e-01
1.370742555353898329e+00
1.896916378301043649e+00
1.438980074820380928e+00
1.772771309646884674e+00
7.013940723966380908e-01
1.545090605518425919e+00
1.972670162865729049e+00
1.007714969490543844e+00
2.409323420143942407e+00
9.350268915373581846e-01
1.346937896989391259e+00
2.703959588615268750e+00
1.121359242343439089e+00
1.124394059184846029e+00
1.482102995189236161e+00
1.503465412526592715e+00
1.234860808174003344e+00
1.472437065325251870e+00
7.345530697078345161e-01
9.441619946965077448e-01
3.291496796482036302e-01
2.244872888057747318e+00
8.125170710097263660e-01
1.461033623025496553e+00
1.443249804752789522e+00
1.077663291844224158e+00
6.764286536929144944e-01
2.766527530756952125e+00
1.713139893785581069e+00
2.079269764631034079e+00
1.102710828216919570e+00
1.672499756395187775e+00
2.436556875979878356e+00
1.590736325200006629e+00
-2.713444329006176048e-02
1.293305937924196458e+00
1.173221423618306725e+00
1.015144402947558699e-01
1.611448585486055185e+00
1.847203696441233056e+00
2.267762756556812143e+00
2.418114899475164670e+00
7.436533196150931779e-01
1.480474331281616873e+00
6.772954105579473971e-01
8.123386432496404463e-01
1.231900530286745177e+00
2.274100389240500952e-01
6.839519074606508209e-01
2.220675067472891673e+00
1.949673481576893463e-01
1.241582801857517682e+00
7.055847515725812702e-01
6.715477284334789854e-01
7.780946198077307585e-01
1.334606533264222294e+00
9.886579279949485599e-01
9.535230620836104842e-01
1.827643105461137729e+00
1.420317242116705181e+00
6.731696618374998220e-01
1.530388247284166114e+00
1.322979333075490649e+00
1.204530438702074324e+00
1.126393598243261351e+00
1.146951342912353677e+00
4.568824876066372997e-01
7.693922245378219671e-01
8.290321255192363292e-01
7.690028561955459807e-01
5.056120193769599869e-01
6.858662041212957305e-01
1.456280016873502614e+00
6.292449593148439213e-01
1.180416371911170881e+00
1.097092548766389619e+00
4.297342027448946555e-01
1.324515798069131334e-01
3.742177383193412976e-01
2.637032211209765498e-01
1.221892035079890970e+00
1.821784624564507737e+00
5.959789542679911900e-01
-7.172528756686091800e-02
-7.070698712455455448e-01
5.216856081084150221e-01
8.410621142958096819e-01
1.706736589187867859e+00
1.697149113957569844e+00
6.517076035319042671e-01
3.212637330250732726e-01
1.755819092882959787e-01
3.167912142946250342e-01
9.060009558745061309e-01
-5.828637317870991597e-01
8.289518416343668594e-01
6.144026334738182937e-01
9.226729899697542203e-01
8.012830640138887128e-01
8.167815943997247530e-01
8.382928074783732031e-01
1.077995559688043947e+00
7.264310926467282270e-02
1.154769228330782216e+00
-4.515123110852381494e-02
6.613508271700186958e-01
1.971864835766171942e-01
1.025987059029511261e+00
3.172366362195623846e-01
5.123791723816559784e-01
8.128357830890697855e-01
6.418052737234366534e-01
5.694917784813489092e-01
8.275904897007602123e-01
-3.525139213587041298e-01
1.899342055671065232e-01
9.840857643981619773e-01
1.500248017705851089e-01
-2.127673211041372636e-02
-4.156263613098357124e-01
-6.507315385095086002e-01
-1.880348290898907204e-01
-5.013609822836992413e-02
-7.393458426256029892e-01
1.538345303983168766e-01
4.974260133232633052e-01
1.493131965433142083e-02
-3.770596565483104179e-01
4.236862326570935838e-02
3.436096783703006530e-01
6.126504727397530381e-01
-4.428408110772301676e-01
6.435858697189178468e-01
-1.593380102334946535e+00
2.299260274279935901e-01
-7.132063019369380696e-02
5.203139492026525037e-01
-3.160414792216882651e-02
-5.190654555654470453e-02
-6.205242975381189963e-01
-9.122551113055625827e-01
1.602836510806850967e-01
-1.459280941355490246e-01
-8.507463351083035530e-01
6.394866907377297349e-02
2.010927881098924508e-01
2.638358324504010421e-01
7.431560889484326027e-02
-1.850539704412929032e-03
-3.378839892047111326e-01
-2.289754070125148144e-01
-1.061397968587383334e+00
-4.761377953531167329e-01
-1.447425089165678358e+00
-8.790578959894788103e-01
-9.143242750789613016e-01
5.077373121943654644e-01
-3.838407841410119148e-01
-3.931930741722033384e-01
-4.030816788028445119e-01
-7.020915810199921392e-01
-7.454776071813964400e-01
-4.814842137258714683e-01
5.602526793645257186e-03
-1.307718908428191718e+00
-2.205746822243020433e-01
5.797739241320604142e-01
-1.300707955544543770e+00
-7.488079717893627585e-01
-5.461227081988839771e-02
-8.838896240473548271e-01
4.731706227763365913e-02
2.421244655805917523e-01
-1.263902159092644251e+00
-5.123230918524710464e-01
-5.013601551093176401e-01
-1.941670058097451301e+00
-1.183998717682444024e+00
-4.413061517119542532e-01
1.402859186559839433e-01
-9.308628077099223574e-01
-7.404445515521205223e-01
-5.225154826910827222e-01
-2.046793871223987260e+00
-4.213116496192060856e-01
-9.018338968563163194e-01
-9.024759257460260864e-01
-1.220854279312469926e-01
-1.365914292509847527e+00
-4.022947209003844282e-01
-1.244077449858187689e+00
-4.902626689706987007e-01
-1.342049773911942800e+00
-1.128848147031766613e+00
-1.390061885118078822e+00
-1.501904715470245621e+00
-1.387951667186176019e+00
-9.675379368454192219e-01
-1.066313001927114312e+00
-8.977462609426791751e-01
-1.529768237965344779e+00
-1.431829447049459025e+00
-1.309396327382220004e+00
-1.454091045762439194e+00
-8.124517840818279435e-01
-1.021408102045226807e+00
-1.914862645848443901e+00
-8.107978057639172453e-01
-1.476263624006657782e+00
-1.043696342385936449e+00
-1.579791013758681917e+00
-9.045380141142399522e-01
-1.337020440146269973e+00
-1.242796277007576222e+00
-1.111216803181863222e+00
-1.945320143793180412e+00
-1.143006116538270778e+00
-1.888098884953274492e+00
-2.416742312167654561e+00
-2.257934122777299102e+00
-1.579227814106930916e+00
-1.000690638484565298e+00
-9.185824595030758211e-01
-1.488730001596812569e+00
-1.860675373294898183e+00
-2.631589147937992479e+00
-1.410765162698032427e+00
-1.342036188497231830e+00
-1.267542861661576037e+00
-1.806022344815598979e+00
-1.479216341303798421e+00
-4.992369929900657421e-01
-1.198156815436759004e+00
-9.096885520744228959e-01
-1.982188580895827057e+00
-1.649559427302956793e+00
-1.937143869412373709e+00
-1.685069170761948953e+00
-1.704165598801235859e+00
-1.568012946159550225e+00
-2.948719973641352077e+00
-2.106661955156760690e+00
-2.156146456172341352e+00
-1.102457729659859886e+00
-2.045797920255796321e+00
-1.526659303901831688e+00
-2.448941460850991625e+00
-1.540380329907733881e+00
-1.349241914532265607e+00
-1.924667917400113781e+00
-1.602108012952887739e+00
-2.221858728698553165e+00
-2.530943516344669852e+00
-1.013010119360749473e+00
-2.141600631252337017e+00
-1.553717134436708447e+00
-1.883370175986470718e+00
-2.414238940855449211e+00
-1.989829743940169537e+00
-1.751169366240845182e+00
-1.848973348695979402e+00
-1.884271143279282246e+00
-2.330220248883008161e+00
-2.796748991518375860e+00
-2.322043742036201230e+00
-2.452772478286961100e+00
-2.924879458809471089e+00
-2.826852443510307733e+00
-2.132132530473275889e+00
-1.352042045378689217e+00
-2.257980216390874872e+00
-2.374120019458322517e+00
-2.695473267591644628e+00
-2.410396905344929230e+00
-2.412034651570389432e+00
-1.672279738483478218e+00
-3.034989044766067678e+00
-3.152099093741687064e+00
-2.227097998852275218e+00
-2.272126163378830555e+00
-2.549655058350408954e+00
-2.383174320548149705e+00
-2.064251855019868742e+00
-3.527852967738424717e+00
-2.789094186045851131e+00
-2.316497982956020163e+00
-2.664564688022312389e+00
-2.330189103367008130e+00
-1.621943878018103913e+00
-2.726847726621848711e+00
-2.294394934183647372e+00
-1.537297635835894294e+00
-2.641737155747951427e+00
-3.123729214060465775e+00
-3.592537004365073727e+00
-1.863108855634430849e+00
-3.385160123357092044e+00
-2.942647923265834020e+00
-2.800131779641584107e+00
-3.156686518278056575e+00
-3.133181074659656673e+00
-2.781745845610329226e+00
-2.225565461062883443e+00
-3.163845269064507804e+00
-3.110317452174865771e+00
-3.398360191466102354e+00
-3.499112776095467670e+00
-2.792527037031460324e+00
-3.406532133183342470e+00
-3.801696136986216779e+00
-2.673383586694377811e+00
-3.161963388549484666e+00
-3.275711378137776020e+00
-3.659352467587702495e+00
-3.035109872391990926e+00
-3.646400254880952208e+00
-3.038899710068855509e+00
-3.035671827790691335e+00
-3.126432277285220884e+00
-3.367357634998588978e+00
-3.693701837619022932e+00
-3.015409041787427746e+00
-3.441709212785118766e+00
-2.961905886068814109e+00
-3.227120286957120943e+00
-4.064706096951995029e+00
-4.030115677697688525e+00
-3.289970716927052230e+00
-3.772970842248646317e+00
-3.055017945416602654e+00
-2.947621652860588526e+00
-3.339610129935471683e+00
-4.216653476534818701e+00
-2.912279189918764111e+00
-3.673500177530615751e+00
-3.928254610914282186e+00
-3.915405868157471936e+00
-4.179413448285402843e+00
-3.998254397388051551e+00
-3.508193905044536098e+00
-3.778574253527446469e+00
-4.540679786751719682e+00
-4.575238946007222474e+00
-4.014786180016518102e+00
-3.884416043182159939e+00
-2.628681461791385843e+00
-3.914023899041636501e+00
-3.193631540320013507e+00
-3.318241824547869978e+00
-3.515042352872759679e+00
-4.158170931945830873e+00
-4.222216618441859914e+00
-4.100180162532334194e+00
-3.039467465591252360e+00
-3.179126718424130527e+00
-3.782110757384361754e+00
-4.195001006108721953e+00
-3.554611555539068934e+00
-3.729415333530334831e+00
-4.212874163808803196e+00
-3.375137920873295005e+00
-3.633083195574347446e+00
-4.169123995226492241e+00
-2.914908696600786442e+00
-2.930534572524769565e+00
-3.803833869673561185e+00
-3.973992164289045892e+00
-3.817645833116674492e+00
-3.231983112636051647e+00
-3.914180920334065839e+00
-4.044837320821990545e+00
-4.026247866334931480e+00
-3.674600541505335105e+00
-3.458924179083020078e+00
-3.418550320835847423e+00
-4.241466692643939496e+00
-3.656033212775758212e+00
-3.512227218491810632e+00
-4.448313177671026075e+00
-3.463288736042719584e+00
-4.284821142305371033e+00
-4.408036843234401481e+00
-4.768944420482435831e+00
-4.154323525642110049e+00
-3.405065900466799356e+00
-4.017069280224327521e+00
-3.692365314202203930e+00
-4.165380759318377812e+00
-3.796907939536192877e+00
-3.724786271269600935e+00
-4.099609547554045719e+00
-4.740092157293059216e+00
-3.251562853619059723e+00
-4.771099484033870297e+00
-3.747491318103759017e+00
-4.803130587789895323e+00
-4.178959356185929508e+00
-3.840062839743994871e+00
-4.755692420450418290e+00
-4.664607078171259857e+00
-4.170379667667848622e+00
-3.806519559949368414e+00
-4.095035653035669299e+00
-4.303735515888813978e+00
-5.140534016725087696e+00
-3.701332363788802926e+00
-5.178471345670688564e+00
-4.760121759858710888e+00
-3.912313995501317976e+00
-4.950637101385852112e+00
-4.132400547163107341e+00
-4.949851196490284266e+00
-4.899175054471674784e+00
-4.026523034607309093e+00
-5.107017015565769924e+00
-4.506612917753393788e+00
-4.536987544064741584e+00
-4.734664381059325855e+00
-5.080388366086140195e+00
-5.563888123628901283e+00
-4.755402989985740625e+00
-5.035001220730489280e+00
-3.870807343243198861e+00
-5.431161086176006236e+00
-4.481642717922524888e+00
-4.720816112444220281e+00
-4.936863631437834243e+00
-4.885715335070424103e+00
-4.400509826598959506e+00
-4.638962409106728302e+00
-5.303066867235371795e+00
-5.523938489416466702e+00
-5.061897059772099361e+00
-4.332752474488817285e+00
-4.444855936124546325e+00
-4.734243999360528754e+00
-4.714509102519412131e+00
-4.646898740170148479e+00
-4.206677354942768510e+00
-4.700024044351880370e+00
-5.061561308719888963e+00
-4.599119840363328215e+00
-5.419874989929951425e+00
-4.404204839783809611e+00
-4.788716857201656296e+00
-4.299245692128899066e+00
-5.378787749168847832e+00
-4.677978844556935023e+00
-4.649853300545695234e+00
-4.738016179346182355e+00
-5.487214233594854385e+00
-4.837009904974951091e+00
-4.879239747039484598e+00
-5.133483765504970542e+00
-4.413834238343724792e+00
-4.562069112204927279e+00
-3.708017121534724403e+00
-5.463712174794678411e+00
-4.897419892687162601e+00
-4.513439794279600292e+00
-5.350535057961766761e+00
-4.233669246411607467e+00
-4.280589434845591512e+00
-5.601232066632690909e+00
-5.188144819699781252e+00
-5.610432204425272573e+00
-5.840716184563678581e+00
-4.030980514625621680e+00
-4.351752132676531382e+00
-5.009314689960613798e+00
-4.659856363426744252e+00
-5.018450696127150223e+00
-4.146733722644438735e+00
-4.593470038835715918e+00
-4.815392444002842609e+00
-4.968669977017511563e+00
-4.848800401330795928e+00
-5.167604092369726843e+00
-4.270419032375534663e+00
-5.066115301359706002e+00
-3.919993960474023709e+00
-4.502031259076043845e+00
-4.754858963385334647e+00
-4.969714067934756230e+00
-5.511137590518258023e+00
-3.924390943358649242e+00
-4.490777630872189619e+00
-5.443855960821687212e+00
-5.690562773090534598e+00
-3.762989232779922144e+00
-4.882862777521203235e+00
-5.151939235001108841e+00
-4.777100012734012857e+00
-4.589212415925945976e+00
-4.675634771621897556e+00
-4.359433224422907038e+00
-4.884952068815255899e+00
-4.844795556234940292e+00
-4.502973937704616070e+00
-4.016499670421168844e+00
-5.252477979724065271e+00
-4.619218041173998479e+00
-4.303641083341665841e+00
-5.070252886729691433e+00
-4.763816354451640755e+00
-4.745544133373497786e+00
-5.279724850823283688e+00
-4.578202904294225384e+00
-5.128014009259334038e+00
-5.363630007578678693e+00
-4.826875525815712997e+00
-5.028607560186533654e+00
-4.885212426624186755e+00
-4.555015052574738377e+00
-4.213340654011334507e+00
-4.575466486415827205e+00
-5.133035917192052544e+00
-5.409219022202894855e+00
-5.649994251632445064e+00
-5.173457181051325904e+00
-4.113243400190043531e+00
-4.810321659989736709e+00
-5.518503163096651676e+00
-5.168050429731283479e+00
-4.533316069664021342e+00
-5.094844500304748003e+00
-4.664379565787095672e+00
-4.707833916771334337e+00
-4.283071008925681156e+00
-4.231412378103496685e+00
-3.234033957089498923e+00
-4.887232060970170267e+00
-4.853312524649214588e+00
-4.690120507775588088e+00
-4.919994664054831546e+00
-4.442209948632044103e+00
-4.499156184110884027e+00
-4.986526767644432034e+00
-5.236054184935486688e+00
-5.112917812369841997e+00
-4.119090243779872651e+00
-4.158430812725668169e+00
-5.156187937470085636e+00
-4.252946645830962602e+00
-4.816951686076943240e+00
-4.862693914274134777e+00
-4.110237481518632663e+00
-4.938895373475644668e+00
-5.020419126028539125e+00
-3.936758878819273555e+00
-4.794186831137149163e+00
-4.632813702582681437e+00
-5.131783193559924072e+00
-5.215710830083225780e+00
-4.637950096841216840e+00
-4.181993053404631233e+00
-5.028807900813490050e+00
-3.944296315997433577e+00
-4.289197513195390776e+00
-4.652395822803427450e+00
-4.349979104360879312e+00
-4.792516713165165143e+00
-4.464679000004100118e+00
-4.589829269094534148e+00
-4.568912524666876251e+00
-3.826710208960041548e+00
-4.808241135219982532e+00
-4.434554961884492386e+00
-4.087872664169032610e+00
-4.576310276148003453e+00
-4.722474418291993992e+00
-4.543757132121907460e+00
-4.136829551653078418e+00
-4.455431925789100411e+00
-3.815937788516965856e+00
-4.830415894540549537e+00
-4.851680529516609219e+00
-4.519848940420162720e+00
-4.373633554139270352e+00
-4.196852725902249226e+00
-3.842394613256931990e+00
-4.225148414326228341e+00
-3.323571391313889123e+00
-4.794796395415999335e+00
-4.045138469254101032e+00
-4.238684069668749110e+00
-4.358873922352287877e+00
-3.758899579367025012e+00
-3.655470253941783820e+00
-4.273507106758012597e+00
-3.635173699538178482e+00
-3.605411738894847673e+00
-3.530780917099654026e+00
-4.640253726238973364e+00
-4.635363430654138028e+00
-4.352032383344231370e+00
-4.334715863563689098e+00
-4.084972682427722823e+00
-3.508865322503668338e+00
-3.385211773025951221e+00
-3.844632850528466150e+00
-3.797338992657929957e+00
-3.745053487393411373e+00
-4.178152241662666633e+00
-3.443184032726948285e+00
-4.468245612591517535e+00
-3.544499495800302657e+00
-4.538273056919361004e+00
-3.097193864463236856e+00
-3.999085445907646363e+00
-3.561230300720740871e+00
-3.993602726145316861e+00
-4.027494808668919291e+00
-4.623037488448305865e+00
-2.886199992289902649e+00
-3.841843695756475441e+00
-3.471115132142723159e+00
-3.434239975691301350e+00
-3.531038366322493793e+00
-3.906866153312319678e+00
-3.658575901943578845e+00
-4.157163761040050254e+00
-3.023007107357415180e+00
-3.572614159608850759e+00
-3.380573481757934928e+00
-3.817308803236544534e+00
-3.627967683480867400e+00
-3.561820782794404394e+00
-2.637134413147236511e+00
-3.466515552808993483e+00
-3.306247575441620956e+00
-2.583312163464197120e+00
-3.587662850604565357e+00
-3.262778338687649882e+00
-4.046658968736824846e+00
-4.247816731153385206e+00
-3.843910076776927198e+00
-3.127680586136610597e+00
-3.696903562979736879e+00
-3.324400609399887685e+00
-3.494549603110224112e+00
-3.192824729552719898e+00
-2.788778798473577236e+00
-3.219879964465599542e+00
-2.997931698305857040e+00
-3.858225384867647101e+00
-4.108491813903123457e+00
-3.432848596249986617e+00
-3.139588344876479198e+00
-2.655878515931518802e+00
-3.618632159484729716e+00
-2.662876606780345767e+00
-2.350043514708562764e+00
-3.872011561631827359e+00
-3.823819710586243481e+00
-3.176702156821086032e+00
-3.803568900861284519e+00
-2.748414535342489806e+00
-2.639930084411948652e+00
-1.642921957882853556e+00
-3.329384353744364589e+00
-1.970461428128698511e+00
-2.726712423824090514e+00
-2.561250219313654597e+00
-3.027833542240743636e+00
-2.638223236215407219e+00
-2.491252767709406957e+00
-2.645551126064849878e+00
-2.200209877021627847e+00
-1.863831098089625549e+00
-2.950073008901125338e+00
-3.171077713345915150e+00
-1.877563062281476292e+00
-2.683101675231695626e+00
-2.883820428483116149e+00
-3.506703497248998325e+00
-2.995367673280715959e+00
-2.650101307069313794e+00
-2.382888302392188518e+00
-3.059000690124265898e+00
-2.641046339379792940e+00
-1.753586049604356045e+00
-2.343258393146850249e+00
-2.332482042386033072e+00
-2.064221522976979362e+00
-1.801046954174775783e+00
-2.790626653628099252e+00
-1.692982129953533033e+00
-2.453931331809903416e+00
-3.048031714739161124e+00
-2.524617531189763842e+00
-2.187865262149267576e+00
-2.070829458063070394e+00
-2.087861765567087691e+00
-2.061786238335014509e+00
-1.890103910677584542e+00
-1.793045090201396130e+00
-2.639647235394641189e+00
-1.897147635217691919e+00
-1.370868313335197985e+00
-1.531825446661491341e+00
-1.513765214351202815e+00
-2.270332077342807953e+00
-2.310958988093978483e+00
-1.723770881756453877e+00
-1.311181705101535311e+00
-6.909825000701801390e-01
-1.350685535034598761e+00
-5.548730332236404550e-01
-1.981955901863594161e+00
-1.625097271413696642e+00
-1.444245043031424647e+00
-1.648449493072179806e+00
-1.853606173010512670e+00
-1.242398793880594043e+00
-1.268034420215740532e+00
-1.822935014662287356e+00
-1.360142854457343065e+00
-1.524827293043648391e+00
-1.644857511746824041e+00
-9.766412289775835420e-01
-8.886829157938975765e-01
-1.269625813983040974e+00
-5.416221746043855534e-01
-5.527122224823951546e-01
-6.822529579976395198e-01
-7.424390579171638027e-01
-9.373204785350521817e-01
-7.192207089853936974e-01
-2.940933369881164605e-01
-8.914964976002865971e-01
-1.118713088840019632e+00
-1.543579905540040986e+00
-4.765924344291265768e-01
-9.212522146693915559e-01
-1.494077576796098095e+00
-1.792438077301432120e+00
-6.760235366328377626e-01
-1.471726105884169522e+00
-8.701465192243132973e-01
-5.406283528062386656e-01
-1.021191251671835776e+00
1.679051622866156723e-01
-7.559537723369591511e-02
3.163419254188593044e-02
-3.639400308976851184e-01
9.761475611994696600e-01
-7.986139968713173998e-01
-5.298021755262921628e-01
1.072081331931301840e+00
-9.808125279028280241e-01
1.063156901364062490e+00
-2.014606964205874762e-01
-3.825024652412695181e-01
2.959558896000335504e-01
-7.513238475737828992e-01
-2.193248842339238502e-01
-3.711430034195345451e-02
1.997705205168572862e-01
4.661102787382783719e-01
1.597184511241960814e-01
2.706524906132171671e-01
-1.141240368647289810e-01
-4.335192554205595794e-01
9.397617927981348762e-01
-6.895863091582780102e-01
1.617305733965556547e+00
5.632376372313993573e-02
-1.057583342483751521e+00
-2.804326911589397620e-01
9.994310667964242945e-02
3.613647809652248410e-01
6.202415604852626885e-01
2.609214574860476699e-01
-5.534267825605265756e-02
1.637823340948074136e-01
2.706521497858803693e-01
1.037445891749232629e+00
2.030746140752280327e-01
1.433693184877471993e-01
1.395276269639122102e+00
2.162362144248640150e-01
1.361271023727092189e+00
1.420920406326704466e+00
4.288330469272890189e-01
1.062351562553945916e+00
5.755008609903680128e-01
2.388418104665056552e-01
1.824929751620623986e+00
8.905890280725564656e-01
1.374877759447457048e+00
7.306913868713799109e-01
1.673150591913371787e+00
4.525037319609765962e-01
1.480832097636804345e+00
6.718936086387127249e-01
1.089394694973987443e+00
7.538895488251420307e-01
8.606411874586581412e-01
1.331873254964034414e+00
8.582516602447014531e-01
1.124689056908438012e+00
8.960355873182379582e-01
1.007517268601038740e+00
1.272152156610435014e+00
6.465745934823526886e-01
1.274528605928312741e+00
1.224912698356929841e+00
1.874183465741044774e+00
1.471573141865901047e+00
9.258333838996147813e-01
1.575416479584743401e+00
1.754481466808640366e+00
2.171809847163195695e+00
2.169214611200507292e+00
1.177283964285590567e+00
1.165728222910141110e+00
2.353793500113911641e+00
2.057783536996169449e+00
1.809234015242266569e+00
2.295905065734083816e+00
2.122469710820593214e+00
1.935340650377501914e+00
2.615927054231444338e+00
1.968645071471097019e+00
1.451644259615201937e+00
2.739328597161033940e+00
2.279254726691837707e+00
2.062758729433580740e+00
2.272936735834826472e+00
1.492095960660926757e+00
1.873006939627231082e+00
2.403366769758512156e+00
1.890605587085766093e+00
1.976819719898955885e+00
3.681065263977338020e+00
2.060964290750019856e+00
1.507114567196486732e+00
1.831398468062118479e+00
2.466271176466817039e+00
2.170852037562387871e+00
2.416603661216616850e+00
2.240975644097348507e+00
2.706872283913773103e+00
2.534434940621443921e+00
2.843991050630763073e+00
3.238355432342707729e+00
2.681334585321732078e+00
1.999018086934424510e+00
2.615085330213440251e+00
3.345335027287381635e+00
3.441821440782850239e+00
3.039462520537897117e+00
2.991908823531078454e+00
3.281966788466242679e+00
3.827033935382836205e+00
3.808019076793350166e+00
3.224921901879877151e+00
3.488409955017085728e+00
3.369786099353080377e+00
2.775102472002837661e+00
3.706098075673311953e+00
3.918001334666050273e+00
2.783013495711359475e+00
3.080984312256319413e+00
3.859708845324145710e+00
3.735588861797179749e+00
2.941266812123205732e+00
3.509870072741458458e+00
4.401390038697502227e+00
3.492445616278172960e+00
3.954171113665383430e+00
3.177141169471267901e+00
2.719342650063562683e+00
4.301766589011911890e+00
2.750495599477476460e+00
4.119175646561552995e+00
4.916339801422870970e+00
3.638611189099938859e+00
2.934106078946027818e+00
3.197310715253552260e+00
4.070546264241229117e+00
4.825057318578091170e+00
3.109838272068402354e+00
3.108614146912121345e+00
4.678078736819846206e+00
4.684240162584631051e+00
4.298338039293096102e+00
3.722020275073030238e+00
3.380268968690913312e+00
3.526778613929894224e+00
4.781377026242054740e+00
5.319917017039015761e+00
3.452201049345994921e+00
4.702204468318077701e+00
4.179715032305285405e+00
4.425319974249227961e+00
3.641617570692060379e+00
4.945482442189634398e+00
4.531736705538698118e+00
4.240335664769933288e+00
4.412129992044873994e+00
3.764676239859178430e+00
4.108894653600372315e+00
5.159925303918663886e+00
4.958582798171958572e+00
5.621628307415549308e+00
5.253440948900107266e+00
4.592424996613419630e+00
5.330982460379444454e+00
4.688044277863866682e+00
4.745312003090814024e+00
4.161415028859082099e+00
5.350160207493560804e+00
4.403357116872554045e+00
4.522755426158563630e+00
4.948578206207265850e+00
4.569430788428916479e+00
4.641794139659040752e+00
4.907821960204224787e+00
4.628210783936745898e+00
4.947028127474285775e+00
5.193469902211934830e+00
5.140492202602939820e+00
4.582611649088496719e+00
5.279662826306198653e+00
4.561614087667750006e+00
5.364524519368868205e+00
5.447088574936289618e+00
5.164800613665049056e+00
5.061189091042345822e+00
4.834512903335044243e+00
4.665180424276663018e+00
5.762193963930113405e+00
5.224779234217582058e+00
4.526390424663283341e+00
5.457807593826781378e+00
5.841453946188722490e+00
5.873501231949022738e+00
5.973676633062396490e+00
5.825569055046362799e+00
5.987944141027550238e+00
5.466826240194031961e+00
5.543824467802158651e+00
5.428379623025822553e+00
5.738136226588923527e+00
6.061178056424116001e+00
6.505087543104922432e+00
6.059578741471685959e+00
5.459198144251547369e+00
6.109258295225977520e+00
5.594345450033431533e+00
5.167322691521384570e+00
6.198561981893248252e+00
6.724383206208462305e+00
5.648718737638684040e+00
6.035807269423333565e+00
6.826497081023844338e+00
6.409810611283568882e+00
6.874807417062328341e+00
5.878646117985455888e+00
6.280424562072529859e+00
5.748163934715889489e+00
5.965984459579316557e+00
6.425188151813627790e+00
6.129315372397795336e+00
5.874049946872103689e+00
5.594803092964070856e+00
5.960153737472992042e+00
6.221839068969398312e+00
7.663733705211667413e+00
6.127662023750148457e+00
6.077547103407063389e+00
6.892100289333083829e+00
5.903076448892376149e+00
6.362623663290020382e+00
5.498218966666994945e+00
5.997082099008203215e+00
6.773457573151750566e+00
6.010432800658261243e+00
7.144130037299795788e+00
6.396885799683894369e+00
6.150009684639406338e+00
6.684058695548406703e+00
7.023634340301177836e+00
6.441685333082939557e+00
6.735881598106338686e+00
6.553068776010597674e+00
6.339853990149043383e+00
6.388809387092686976e+00
6.844357202903150750e+00
5.634701656147058202e+00
6.907320451657376736e+00
6.076055829813706843e+00
6.793163175941091758e+00
6.275671314361281006e+00
6.418156408114670697e+00
6.484372327634804201e+00
7.177324158271985333e+00
6.604818998929173901e+00
6.739997239620296732e+00
7.186960805943128250e+00
7.067067641111896670e+00
6.884078685811990006e+00
7.402711644509204270e+00
7.225383222979794517e+00
7.386687961743742648e+00
7.699073717475891421e+00
7.867630239855692764e+00
6.648402149130936856e+00
6.406569386994426019e+00
7.670232895762056025e+00
7.233381640746689989e+00
7.206040935186305951e+00
7.922368033233680329e+00
7.913303731704332655e+00
7.976478213682576701e+00
6.999367826237837598e+00
6.887703922396167577e+00
7.613293576643540561e+00
7.629623973447369423e+00
7.809939678130261242e+00
6.989206855736358470e+00
7.689076755875396074e+00
6.697371466748771596e+00
6.866814456294861202e+00
7.518577406148076570e+00
7.246916593735905465e+00
7.536332739553820659e+00
7.352167755986849684e+00
7.340552793061771553e+00
7.704806654117096976e+00
8.275430984435310222e+00
7.347738188659561409e+00
7.068667212800926691e+00
6.728092773727651910e+00
7.002227569480671043e+00
7.378440544000359758e+00
7.987582571743913284e+00
8.312220072761210332e+00
6.643860336092607177e+00
6.583090099128106054e+00
7.173048095780544031e+00
7.110549904779784214e+00
6.876804145195251294e+00
7.536882029174984510e+00
7.976475317443928681e+00
7.457694937963055715e+00
6.767973553138848963e+00
7.822540368710464875e+00
7.336297767994758523e+00
7.069934113720339752e+00
7.709997177838375571e+00
7.942387661164989510e+00
7.421328205955879831e+00
8.233767324688392009e+00
7.228355075524779849e+00
7.277784549733221198e+00
7.135036654737691109e+00
7.662572734858291490e+00
7.963008189292386518e+00
8.148662651658357348e+00
8.213910604486724054e+00
8.112973339235528769e+00
7.450347021548584081e+00
8.307486659375566518e+00
8.420193649288901128e+00
7.957192961171767109e+00
7.704473268516483841e+00
7.467755301884448471e+00
7.878861619816572848e+00
9.183121198246000816e+00
7.707785875772620088e+00
7.381475222252782409e+00
8.430292298421065311e+00
7.404036075497913316e+00
8.043775727063957603e+00
8.814064508009305854e+00
8.134913889944012766e+00
8.701025731385932716e+00
8.114956442044999108e+00
8.758234258454612231e+00
8.298159386381048108e+00
7.718083162981858258e+00
8.016914203126757954e+00
6.868317127685045875e+00
7.505890245441646513e+00
7.881641490955970220e+00
8.300366953226824052e+00
8.128938792211135578e+00
8.749141521353182682e+00
8.163104700713564199e+00
8.258703833707128794e+00
7.846321974744250305e+00
7.864015925845163402e+00
7.705411628063950857e+00
7.858939815445583399e+00
7.909056890899866410e+00
8.489707298949598524e+00
8.778887265305845844e+00
7.672449304307876972e+00
6.976469966467893968e+00
7.866232032213305914e+00
7.837929156723281388e+00
7.324384951555515499e+00
8.002004036112388974e+00
7.479594055278600884e+00
7.723020849007737887e+00
7.577048121776215339e+00
8.851518190941401798e+00
7.416121813976709554e+00
7.121337172529644377e+00
7.946456166338587757e+00
7.161439017899179582e+00
7.639846945087795937e+00
7.799585681432687601e+00
8.677692090510698009e+00
7.630526126663555786e+00
8.022960470809769262e+00
7.417782273806733606e+00
7.741856195743491043e+00
7.252986626431754402e+00
7.498522741450790008e+00
8.043207801868808460e+00
7.671944722445919851e+00
7.970073916902904898e+00
8.295032492136410696e+00
8.475269967075860222e+00
7.258809591945135864e+00
8.018135520266287841e+00
8.831315822740926080e+00
8.102182001504859343e+00
7.631524646736358442e+00
8.535576532213658751e+00
7.801550578054980534e+00
7.746547275099723073e+00
7.759857541206159226e+00
8.230921610567667912e+00
8.518041629823716931e+00
7.967295646082012794e+00
7.802198147282032537e+00
7.905719231937169411e+00
8.216631610488491333e+00
8.338891874302195362e+00
7.991076181867303951e+00
8.100465366190972460e+00
6.180045550229992024e+00
7.195437829705748634e+00
8.550564487570975203e+00
7.162227470348413227e+00
7.701705382472650463e+00
7.229585948234211301e+00
8.027978367118645764e+00
7.949459720931756124e+00
7.649325156264759507e+00
7.761611799230357711e+00
7.873410378751978911e+00
7.250298683738163774e+00
7.323908573342514217e+00
7.846555187714034929e+00
8.161808506737719071e+00
8.239553641743048829e+00
7.305265540263651047e+00
7.323383435402533337e+00
8.176995292583603359e+00
7.869382214618174665e+00
7.388031390130424647e+00
8.652886257392852443e+00
6.543701726522540341e+00
7.985983970647708929e+00
7.897056039507570624e+00
7.378504216609762523e+00
7.501476076258344783e+00
7.560498793798505091e+00
6.917372100526518963e+00
7.346319376508194665e+00
6.199301674154499509e+00
7.550037844761570582e+00
7.364531963336786724e+00
7.410969817261856996e+00
7.446007855240023510e+00
6.708214191031125040e+00
6.951919636738073116e+00
8.207760803925598481e+00
7.282855296961251668e+00
7.245747938256807963e+00
7.651061994231407759e+00
6.574886702787383186e+00
7.956976676942096205e+00
7.344661357652346290e+00
7.439954545635689698e+00
7.533846589654093151e+00
7.651592167918467524e+00
8.046021594846916258e+00
6.763589991774168197e+00
6.267679807613467879e+00
6.738783190500156728e+00
7.866676963189407346e+00
7.291143560138548807e+00
6.560210658185475552e+00
7.036415389158050537e+00
7.422223793126150326e+00
6.876487052518741372e+00
6.545051893222916917e+00
6.187079199873598334e+00
6.002827089706105568e+00
6.175133960831852953e+00
6.096667663920505298e+00
6.864434994001550550e+00
6.792919329501654779e+00
7.034012287301816713e+00
6.933586128515559110e+00
5.750181753949675567e+00
7.056822110816971971e+00
7.089806255144423197e+00
6.329600568236717351e+00
7.392433483174906783e+00
6.759537130567935925e+00
6.507586202347984461e+00
6.435042023607190131e+00
5.954621921447895261e+00
5.622608143484449705e+00
6.394530417101825570e+00
7.176301968260588637e+00
6.777987630783607109e+00
6.796820736521740791e+00
5.875235929789795364e+00
6.241597607808167858e+00
5.786266017407597495e+00
6.728583954333006822e+00
4.948684862151421449e+00
5.975139767932965640e+00
5.761595542205109943e+00
6.071002429617304408e+00
6.476177265594984966e+00
6.877455315368410815e+00
7.181731561434585132e+00
6.420174966606468914e+00
5.513732082691562120e+00
6.647097805139394744e+00
5.839296860151141466e+00
5.313616319867225712e+00
5.291099618974762109e+00
6.272658806193716963e+00
6.106286509383552996e+00
6.427732861075537762e+00
6.738189938925157385e+00
6.373845838318867862e+00
6.349377543908503618e+00
5.884508967679402680e+00
5.887657627461345911e+00
5.698944841557283425e+00
5.425966698040675773e+00
5.736772576210304564e+00
6.348034858954833659e+00
6.274860344886981522e+00
4.705193483252297248e+00
6.188650605944630456e+00
5.086049987797514937e+00
5.854760827206337837e+00
5.832270841556765895e+00
4.736959891233738951e+00
5.340196867523829383e+00
5.686703074120678103e+00
5.671357497793811042e+00
5.791104906469616509e+00
5.446504024023417934e+00
4.183603882475963154e+00
4.809132356201804015e+00
5.569628946161802041e+00
5.286829850511005624e+00
4.691157863432765751e+00
6.159418968303027597e+00
5.016081920413361317e+00
5.261236460099073753e+00
5.452042917174854786e+00
5.568017716972436304e+00
4.595565958373494908e+00
5.122859143333337251e+00
5.394189220301609744e+00
5.174943421019184697e+00
5.025150677551589951e+00
4.915599597486105310e+00
4.374289630644446980e+00
3.527671738053321349e+00
5.030371604215952530e+00
4.731799163838935840e+00
5.257916461625429250e+00
4.377626171946006117e+00
4.109989734922855575e+00
5.364173793947678348e+00
3.890556406971439785e+00
4.167117047116012607e+00
4.738099698304916174e+00
4.224739966788020773e+00
3.591702167211606067e+00
4.875831619706628040e+00
3.835659814024690917e+00
3.085352288048310410e+00
3.972245540618727144e+00
4.442865901493338043e+00
3.611467578126065892e+00
3.057966680730869413e+00
3.646035993415992049e+00
3.770970080092382215e+00
3.302972374353235541e+00
3.493694776638575750e+00
3.417938148937096798e+00
3.171398306809844136e+00
3.471230171365829786e+00
4.044023239615643028e+00
4.027069433907794149e+00
3.156614038374266240e+00
3.860976485937889890e+00
2.815323832147019534e+00
3.654236540942322087e+00
3.094851493125291064e+00
3.515326168809664864e+00
4.002291103929885629e+00
2.384700501655772964e+00
2.870669598493019059e+00
3.598531155824174821e+00
2.950031087493614201e+00
2.533151200588667162e+00
2.537404246401547603e+00
2.688318353736959487e+00
3.045045016241386016e+00
3.071036747795692357e+00
3.349583184726906637e+00
3.510510126325883107e+00
3.102212713288607038e+00
3.767204186835210411e+00
2.071712800356497297e+00
2.423903095433605159e+00
2.554230983722407533e+00
2.491378284438932056e+00
2.653958900454795433e+00
2.010211170757059129e+00
2.529023148803272836e+00
2.454230201126422539e+00
2.368305688860758096e+00
3.281701302439701706e+00
2.173920948384441498e+00
2.783023610985464469e+00
2.310863047402695880e+00
2.731120546571206287e+00
2.506248316287937872e+00
1.723419089159703654e+00
1.124027863979771613e+00
1.893940723823607231e+00
1.613925962737440267e+00
1.983934289519579064e+00
1.215276939126014533e+00
2.096899580839663990e+00
1.329052886937162725e+00
1.274927151433171257e+00
1.979806296118306719e+00
1.554972835103073381e+00
1.993656274456616195e+00
1.827003047726087459e+00
1.744248718883896210e+00
1.522195127225308031e+00
1.250179484298644894e+00
4.247116751368681387e-01
9.138710353442796031e-01
9.168452674651564882e-01
1.597492789405172697e+00
1.959802119383886820e+00
6.171775464123437915e-01
8.500622427089877808e-01
8.547583256432222942e-01
1.497307041794920357e+00
6.034578170236706285e-01
4.774264421040846917e-01
1.252837706493550751e+00
8.292909985540696249e-01
4.144106442798410894e-01
5.689634074664156049e-01
-1.215718535947183376e-01
4.046070479329131331e-01
1.265096998798222572e+00
-6.216237444964085590e-01
8.985880295440692445e-01
3.833842625880641841e-01
1.549581720230601978e-01
2.030159788049094027e-01
9.474044340943625908e-01
2.794356033902290481e-01
5.225072952565680273e-01
4.880092821036442485e-01
-7.155485161923295090e-01
2.977143909682116174e-01
6.166423506801407273e-01
2.046372612825804183e-01
3.504412476067585436e-01
-1.041130454888582468e+00
-1.210547226540627103e-01
-2.543359686555394794e-01
-1.006567436454025577e-02
-1.311137093680457832e-01
5.781476983242006540e-01
-1.420851267575387045e+00
-6.402004799042833039e-01
9.029830996952314948e-02
-1.255276686607274539e-01
-3.858108405600943480e-01
-6.069287441164965546e-01
-1.240660057794343407e+00
-8.772276015386577530e-01
-9.226510207336867664e-01
-2.638162042889979908e-01
-8.408522776340896510e-01
-1.584721368029017530e+00
-8.224855046352319565e-01
-1.104942544785074254e+00
-7.461824937142902403e-01
-1.666874737885017055e+00
-1.082850633971395693e+00
-2.035350958055890391e+00
-1.216433613924674972e+00
-1.266432543967250579e+00
-1.772992307629631004e+00
-1.052426800260656492e+00
-1.388982883222003029e+00
-4.119881089565615717e-01
-1.985556622589225384e+00
-2.107406594937340394e+00
-2.189257718846667089e+00
-2.324925539152066456e+00
-2.628564605037324142e+00
-1.348292635082804392e+00
-2.227751550826878812e+00
-1.328988911315272858e+00
-1.728959914066986236e+00
-2.427103122437089144e+00
-1.534049156661223545e+00
-1.799866604376802126e+00
-2.119288139220761202e+00
-1.580132398910105485e+00
-1.394960252845100612e+00
-2.373476990517923380e+00
-2.025635153619712803e+00
-2.902546101435746539e+00
-1.955339827366985528e+00
-2.369042734488273183e+00
-2.799841538880439629e+00
-2.421745062867700859e+00
-3.629761837006081127e+00
-2.469145807961616423e+00
-1.974297093466895525e+00
-2.991715653735064429e+00
-3.258082656995199056e+00
-2.909862851709433595e+00
-2.903711167033674823e+00
-3.420354754632176864e+00
-2.329119581696340369e+00
-2.678236657853041880e+00
-3.122345623024452177e+00
-3.000167884375007699e+00
-3.813371935610410546e+00
-2.960391630941797914e+00
-3.152649665389041012e+00
-3.687066321910472677e+00
-2.440889284846923246e+00
-4.250037009763428131e+00
-3.378253340222828527e+00
-3.547461147302100049e+00
-3.882322001609280537e+00
-3.949213237498806262e+00
-4.034050787851244380e+00
-3.348983658224121918e+00
-4.966425249618652060e+00
-3.505273842302766507e+00
-3.493912961999911637e+00
-3.173505177410741229e+00
-4.787142889573189564e+00
-4.106344174985912865e+00
-4.508251916075858290e+00
-5.171323280170120107e+00
-4.818259245839724869e+00
-4.107559422553801909e+00
-5.291853877371194059e+00
-4.612590764309873137e+00
-3.778797558257645406e+00
-4.066365320545298090e+00
-4.612868293518841867e+00
-4.958344950512939775e+00
-4.803829053348805722e+00
-4.317988746839488634e+00
-4.657216875900081376e+00
-4.966381287996514793e+00
-4.249170257877484147e+00
-4.882659430608861761e+00
-4.995252553284516672e+00
-4.876350938184748962e+00
-4.709032434757324026e+00
-5.100012854982077570e+00
-5.400012360165613146e+00
-5.531160741085976440e+00
-5.484802324677568564e+00
-5.137441759449824730e+00
-4.832049312821435905e+00
-5.236977157521434556e+00
-5.256138313179071986e+00
-4.181119562033794423e+00
-5.567219905481651132e+00
-4.819043840869588813e+00
-4.898462874807821166e+00
-5.758908862931414241e+00
-4.758037080883464220e+00
-5.792938995629061338e+00
-4.915908479469578651e+00
-5.131172139248017849e+00
-6.378517509727886114e+00
-5.354820116347083214e+00
-6.036208901150164507e+00
-5.894643506114537246e+00
-5.946615639934260678e+00
-4.854601843056966182e+00
-6.020672072287837295e+00
-5.546082733990557401e+00
-6.040895263365180234e+00
-6.215094542523757148e+00
-6.102235135155281043e+00
-5.411664418088183659e+00
-6.633371827702921664e+00
-6.696580809981409033e+00
-6.498849159461419944e+00
-6.259540747471409539e+00
-6.388543935473299129e+00
-6.821740502284565189e+00
-6.310191202222192430e+00
-6.916981369214803443e+00
-6.287782843228573171e+00
-7.188845487309985849e+00
-6.855369623818885039e+00
-6.575458479282307422e+00
-7.281959797689840030e+00
-6.509876203875232470e+00
-6.795579432390429275e+00
-7.359423017012529655e+00
-7.335619257065217447e+00
-7.158540535076619804e+00
-7.422916083748325455e+00
-7.106932891040417033e+00
-6.951641573020622467e+00
-7.087105747818716495e+00
-6.730275847507728670e+00
-6.751848745491099812e+00
-6.734919875669573841e+00
-6.237632286820485206e+00
-7.663939156018753529e+00
-7.173392678257817678e+00
-6.938940011947323683e+00
-7.194490523322567554e+00
-8.116715279727502619e+00
-7.007982856841828756e+00
-7.729729027745285919e+00
-7.937310091658270395e+00
-8.328579921502166528e+00
-7.945020757600000927e+00
-6.277323883788671566e+00
-8.213154409075064777e+00
-7.924965818647855542e+00
-7.197914681533404746e+00
-8.035147119546335759e+00
-8.010077852808604959e+00
-8.704947690741063226e+00
-7.703279211653226710e+00
-7.247685487062196508e+00
-8.538374618144684902e+00
-7.567645413544473953e+00
-7.462661178351713609e+00
-8.113941618144185242e+00
-8.340913424725874492e+00
-7.645779990312661312e+00
-7.466901382231502460e+00
-8.504240630955919755e+00
-7.471082614565284885e+00
-9.357329515876093851e+00
-7.798532334001119892e+00
-8.833761333965552964e+00
-8.878657938414438178e+00
-8.634627066742048385e+00
-8.784128042386896595e+00
-9.054655215133710300e+00
-8.885214999721727125e+00
-7.601834386349057837e+00
-8.512898543319323608e+00
-8.992329508280000994e+00
-8.054584628493380194e+00
-9.187414837257806610e+00
-9.115929396466899703e+00
-8.819486497175709871e+00
-8.816913930000689348e+00
-8.673102777934703411e+00
-9.311553811289043026e+00
-9.250948661332470735e+00
-8.773096297377955821e+00
-8.422472581571080141e+00
-8.801203487417701865e+00
-1.003263278130688363e+01
-8.702546573595993706e+00
-8.384189227330855587e+00
-8.484239773599876244e+00
-9.687103076682509695e+00
-8.948308152529108384e+00
-9.078489922375760912e+00
-9.701117610061203322e+00
-8.823406763629405347e+00
-9.160088235639987531e+00
-9.337442324023349727e+00
-9.521207041652317571e+00
-9.325181453244336893e+00
-9.778150794442993288e+00
-9.419101232392794287e+00
-9.556025463187737046e+00
-9.969003720311999217e+00
-1.017593576260705035e+01
-1.002822656726752903e+01
-1.033467920431933251e+01
-9.594349728210094241e+00
-7.937055988536755535e+00
-9.716928122561036218e+00
-1.045122989476611330e+01
-9.848359258728441645e+00
-1.044297616243699700e+01
-8.886066206234243481e+00
-9.917507375504690970e+00
-8.667075633879704810e+00
-1.041557914358057424e+01
-9.773298659664122923e+00
-9.911851603028262403e+00
-1.024090548275740353e+01
-9.719527655467169680e+00
-1.050118120880417649e+01
-1.042193929605897651e+01
-9.845852841424983737e+00
-1.006717194895368195e+01
-9.683063742826915288e+00
-1.007063122751761775e+01
-9.643864270401069305e+00
-1.050475237475172108e+01
-9.677428173224775776e+00
-9.861532224946449432e+00
-9.659345546811454852e+00
-9.854382335420007522e+00
-1.030778829131585717e+01
-9.430718099794905385e+00
-1.079159183295059421e+01
-1.020954752574896673e+01
-1.033724337710489038e+01
-1.017763903301772288e+01
-1.033775218147085795e+01
-1.047666189861863195e+01
-1.067174518102736513e+01
-1.084608383625798211e+01
-1.075250667614117717e+01
-9.846612622595662501e+00
-1.071528001322446499e+01
-1.191528785386193157e+01
-9.802421841525417179e+00
-1.082214729895808958e+01
-1.072727575838377767e+01
-1.096703535798520335e+01
-1.046370353273113629e+01
-1.174552455861504541e+01
-1.074302108106107667e+01
-1.057018349327771212e+01
-1.140853467009032229e+01
-1.076493427112092327e+01
-1.078481085693935704e+01
-1.080497094975820360e+01
-1.038682767058562817e+01
-1.029711034677495718e+01
-1.148285183350242278e+01
-9.636334756337493701e+00
-1.047053218169449984e+01
-1.035915382015313924e+01
-1.132512262571183115e+01
-1.047750057364560838e+01
-1.160999267198236318e+01
-1.088587939896097545e+01
-1.045661363098033370e+01
-1.003658351734095611e+01
-1.031104757513423742e+01
-1.102315859106291640e+01
-1.101842593077147470e+01
-1.037576103706813591e+01
-1.030954379201533655e+01
-1.160768839324244972e+01
-1.025018502106243901e+01
-1.079067709161107658e+01
-1.138576446552207067e+01
-1.245185158535519143e+01
-1.008990455853047408e+01
-1.100138220923355092e+01
-1.186593574410082219e+01
-9.852061112749382232e+00
-1.011955022771896395e+01
-1.136619424554981883e+01
-1.073207063498578506e+01
-1.100852836699672288e+01
-1.122161737838299800e+01
-1.155540177600922647e+01
-1.095913049306325249e+01
-1.085762706861906146e+01
-1.161638374352007474e+01
-1.118528701343828757e+01
-1.014729089383190086e+01
-1.033723169565412903e+01
-1.115056455627301979e+01
-1.153434752915188710e+01
-1.094416078960588834e+01
-1.107861207868148412e+01
-1.044834980291814297e+01
-1.101606242958269455e+01
-1.044271221292582830e+01
-1.056920131746787916e+01
-1.105100393758273292e+01
-1.020239471942473308e+01
-1.118972945364699179e+01
-1.101446500427663011e+01
-1.090987240780116352e+01
-1.078653386641440015e+01
-1.102652942141089376e+01
-1.050276714927235489e+01
-1.086492217409234229e+01
-1.088082700845356676e+01
-1.145624350596342289e+01
-1.047437769248844575e+01
-1.107924340414627551e+01
-1.184140431842718755e+01
-1.164340933757827301e+01
-1.251385786892043406e+01
-1.134949511314367321e+01
-1.056014256850729360e+01
-1.060390144408058433e+01
-1.096521029079470999e+01
-1.192853443545537928e+01
-1.053490063514170849e+01
-1.047245092713378156e+01
-1.106931402423024835e+01
-1.197981189910767874e+01
-1.146763995367496491e+01
-1.073193330340463980e+01
-1.154868490179073781e+01
-1.127107573829039389e+01
-1.138332419860463851e+01
-1.038126558675173072e+01
-1.068626843838019802e+01
-1.105879333752978866e+01
-1.087681139341481007e+01
-1.096131740088417850e+01
-1.099005657995234664e+01
-1.092361529273552456e+01
-1.196357007025756580e+01
-1.064118002231269600e+01
-1.182654836499295037e+01
-1.041304760340283408e+01
-1.165314056185136415e+01
-1.037343711626622955e+01
-9.855595029999562939e+00
-1.086752191306403859e+01
-1.144113435095076881e+01
-1.115619926662948380e+01
-1.204486282224628191e+01
-1.033357057791737610e+01
-1.088636962254073914e+01
-1.109212779186857567e+01
-1.065261579499170175e+01
-1.132612893770580342e+01
-1.053150584432484926e+01
-1.152223370006859682e+01
-9.892868368722059103e+00
-1.102589829592273318e+01
-1.032900074037369009e+01
-9.647556396717499538e+00
-1.121518641758565416e+01
-1.046070236238062279e+01
-9.638438200834233527e+00
-1.048336383781793657e+01
-1.060603101758979783e+01
-1.084369026150378446e+01
-1.077063383557085174e+01
-1.064972182554802060e+01
-1.058314828432193444e+01
-9.843922728062441507e+00
-1.020933554056115611e+01
-1.058734046833539644e+01
-1.101462824227568760e+01
-1.038036537751609067e+01
-1.037881041152584238e+01
-1.038947844960745037e+01
-8.921477647608869077e+00
-9.790333364557776363e+00
-1.042478750437077650e+01
-1.096251060966651103e+01
-1.056291797269326516e+01
-1.012149097754327620e+01
-9.180015342109186349e+00
-8.946572606512376069e+00
-1.072596479883748266e+01
-9.278600091636651115e+00
-9.653301876159886774e+00
-1.053843209588265672e+01
-9.749849060238160448e+00
-8.908741841702147113e+00
-9.648803834784207112e+00
-1.002865483885439879e+01
-9.064515167921143757e+00
-8.635947175846329316e+00
-9.345656076887303598e+00
-9.319472647965579171e+00
-8.955158726992603846e+00
-1.079524870565844452e+01
-9.875688223353694895e+00
-1.001495911763391433e+01
-9.779830980157985465e+00
-8.996001309803798307e+00
-9.098200950018808797e+00
-9.243097481481365563e+00
-1.030550667819418109e+01
-9.745117935611522952e+00
-9.773727231915930957e+00
-9.403602937539876194e+00
-1.064748611508901810e+01
-8.810276805063162797e+00
-9.600298220859055931e+00
-9.386376612590620283e+00
-9.337485109883113310e+00
-9.953830783082029399e+00
-8.807280484362602024e+00
-9.492669530612067419e+00
-1.048457680029665440e+01
-8.622705165891227708e+00
-8.162442252120104769e+00
-9.438180494029266399e+00
-8.727628285218738569e+00
-9.585875029833722749e+00
-8.988975954262889090e+00
-9.744002508326975232e+00
-8.276556397242412544e+00
-9.233162354219974333e+00
-8.192701786922075513e+00
-8.691739814007330978e+00
-8.743407327601163459e+00
-8.368443834506427592e+00
-9.113123012859020378e+00
-9.164625622377702285e+00
-9.090393591655690386e+00
-8.711435201394108319e+00
-7.795609228638702426e+00
-8.528459211505781568e+00
-8.538501235448190840e+00
-7.949908860476921468e+00
-8.193879238093201067e+00
-9.136961485023526564e+00
-7.653123648783160426e+00
-7.435174696899181868e+00
-8.350040302832187677e+00
-7.542311415462349622e+00
-8.626076323008827984e+00
-9.001143305184980292e+00
-8.975983941355375251e+00
-7.819761517347401991e+00
-7.718061655814932642e+00
-8.448902470138808241e+00
-7.982680355722809651e+00
-8.092519131030348589e+00
-7.637206958538477863e+00
-8.897544597963014112e+00
-7.423989895829365082e+00
-8.176248520164694611e+00
-8.879348461674791082e+00
-7.380333893896375841e+00
-8.090710885208391545e+00
-8.810837614162887022e+00
-7.772647769771087845e+00
-8.292532737660865294e+00
-7.634308130439155349e+00
-7.547938831073682131e+00
-8.012714263094444789e+00
-6.821583598417555905e+00
-6.724075116772870508e+00
-7.190724514941113199e+00
-7.148499189501522189e+00
-7.591253324695954596e+00
-7.563833696993436995e+00
-6.884362507193945824e+00
-6.895067700802369082e+00
-7.230242487141161689e+00
-7.267050044619089988e+00
-7.102709649634322275e+00
-6.299863975233317426e+00
-7.203938163027307162e+00
-7.866339489153708620e+00
-7.277553033824219142e+00
-6.878880290322987534e+00
-7.289850726431883920e+00
-6.636042423349479691e+00
-6.546873381328221164e+00
-7.057319937779394259e+00
-7.575709777101631737e+00
-6.877977708461815887e+00
-6.309109890235399476e+00
-6.054285089045985835e+00
-6.592108545379711693e+00
-6.719286656568015381e+00
-6.022602997351198084e+00
-6.126980342114538125e+00
-5.464145219889643634e+00
-6.178957920729371445e+00
-5.748957786011677840e+00
-5.443389296200705552e+00
-5.375715554792575013e+00
-6.858203303274766682e+00
-5.194072078243674895e+00
-5.441306674614141414e+00
-6.183917929385215118e+00
-6.163283235700047769e+00
-4.624346282087724802e+00
-6.035473497352018768e+00
-5.290414619185627387e+00
-4.688273325929449342e+00
-4.643276625181381512e+00
-5.213218636318572408e+00
-6.016411824528085539e+00
-4.949688263458468462e+00
-6.003485634273374671e+00
-4.753086392332729559e+00
-5.162185768696029520e+00
-4.775640618503954826e+00
-5.942841332609411609e+00
-4.419286781487167914e+00
-5.308409027740820463e+00
-5.584825105882938345e+00
-4.608419400145740141e+00
-4.324756161644668140e+00
-5.279496099833798972e+00
-4.691568487321668535e+00
-5.285383092623914258e+00
-4.837147530848273647e+00
-4.135155514600995730e+00
-4.805215157026244910e+00
-4.642016838352496677e+00
-4.095115369577173148e+00
-4.136459820598943793e+00
-4.531661601929609873e+00
-3.637170089167635290e+00
-5.010008838688070121e+00
-4.318631000438177381e+00
-3.713821316060515354e+00
-3.969080120024294001e+00
-4.411250237079838321e+00
-4.413373024358967278e+00
-3.885587533396315685e+00
-3.244273068931405213e+00
-3.456859766766140041e+00
-2.971760952838225833e+00
-2.797554519723930433e+00
-2.812647941283078268e+00
-3.756070783612076802e+00
-3.263447477603005797e+00
-2.697456470593643019e+00
-2.876870774411443676e+00
-3.315504052163450233e+00
-3.532821067099032319e+00
-3.005161028120880484e+00
-3.466605103710185709e+00
-3.145591318257478619e+00
-2.951636558754028972e+00
-2.576836335070360029e+00
-3.363661875691535741e+00
-2.592009653038811479e+00
-3.294930761857290946e+00
-2.969820153629163517e+00
-2.154711930515884166e+00
-1.849923934049305885e+00
-2.787086928675329034e+00
-2.525363212510715716e+00
-3.093949575310858346e+00
-2.380569358361070975e+00
-1.690998106520184674e+00
-1.833466956656889302e+00
-2.093830043078293013e+00
-1.418478795058856434e+00
-1.952109479517897261e+00
-1.806242466681084347e+00
-2.861163694536011270e+00
-1.636927084717415326e+00
-1.817749411058874998e+00
-1.817409028580876384e+00
-2.037293827685242142e+00
-1.127764149962230178e+00
-2.286002246310843145e+00
-1.770486295663835197e+00
-1.538688835921316889e+00
-1.552648054235632014e+00
-1.268625810451013303e+00
-1.410921237366134617e+00
-4.621936818014352744e-01
-8.191212405193901702e-01
-1.272525506807880014e+00
-1.160123834677408317e+00
-1.019177872132182472e+00
