0.000000000000000000e+00
2.499989583346354105e-05
9.999833334166664789e-05
2.249915625949213478e-04
3.999733338666616126e-04
6.249348978678083725e-04
8.998650060748697921e-04
1.224749911151766903e-03
1.599573367465366479e-03
2.024316631694710392e-03
2.498958463533916888e-03
3.023475126488725170e-03
3.597840388766675689e-03
4.222025524260869002e-03
4.895999313627294111e-03
5.619728045455675731e-03
6.393175517533815355e-03
7.216303038205362785e-03
8.089069427820992988e-03
9.011431020282944029e-03
9.983341664682815475e-03
1.100475272703266109e-02
1.207561309208922927e-02
1.319586916527134071e-02
1.436546487467032368e-02
1.558434167315346161e-02
1.685243854056033344e-02
1.816969198599202237e-02
1.953603605019310976e-02
2.095140230802632411e-02
2.241571987103988320e-02
2.392891539012722765e-02
2.549091305827935749e-02
2.710163461342936231e-02
2.876099934138932543e-02
3.046892407887929685e-02
3.222532321664835220e-02
3.403010870268762672e-02
3.588319004553511271e-02
3.778447431767227582e-02
3.973386615901224744e-02
4.173126778047949598e-02
4.377657896768090418e-02
4.586969708466819007e-02
4.801051707779124822e-02
5.019893147964273050e-02
5.243483041309333903e-02
5.471810159541795615e-02
5.704863034251229925e-02
5.942629957320015588e-02
6.185098981363073428e-02
6.432257920176639998e-02
6.684094349196033347e-02
6.940595605962397718e-02
7.201748790598441752e-02
7.467540766293104260e-02
7.737958159795185753e-02
8.012987361915881179e-02
8.292614528040230526e-02
8.576825578647459536e-02
8.865606199840185553e-02
9.158941843882476008e-02
9.456817729746748447e-02
9.759218843669489885e-02
1.006612993971576914e-01
1.037753554035253101e-01
1.069341993703065707e-01
1.101376719077575561e-01
1.133856113278769034e-01
1.166778536504880087e-01
1.200142326094079948e-01
1.233945796587034155e-01
1.268187239790323773e-01
1.302864924840726468e-01
1.337977098270359266e-01
1.373521984072678392e-01
1.409497783769334267e-01
1.445902676477879845e-01
1.482734818980329661e-01
1.519992345792567923e-01
1.557673369234602312e-01
1.595775979501660724e-01
1.634298244736134276e-01
1.673238211100350759e-01
1.712593902850194638e-01
1.752363322409555002e-01
1.792544450445606175e-01
1.833135245944919056e-01
1.874133646290398192e-01
1.915537567339044567e-01
1.957344903500536082e-01
1.999553527816632370e-01
2.042161292041391185e-01
2.085166026722200250e-01
2.128565541281621232e-01
2.172357624100038631e-01
2.216540042599117744e-01
2.261110543326062539e-01
2.306066852038674286e-01
2.351406673791206492e-01
2.397127693021015027e-01
2.443227573635998739e-01
2.489703959102828601e-01
2.536554472535959559e-01
2.583776716787430927e-01
2.631368274537439489e-01
2.679326708385689204e-01
2.727649560943523066e-01
2.776334354926811576e-01
2.825378593249617820e-01
2.874779759118625821e-01
2.924535316128322737e-01
2.974642708356947107e-01
3.025099360463186504e-01
3.075902677783625139e-01
3.127050046430945307e-01
3.178538833392866580e-01
3.230366386631831066e-01
3.282530035185424189e-01
3.335027089267527667e-01
3.387854840370211895e-01
3.441010561366345533e-01
3.494491506612935616e-01
3.548294912055190431e-01
3.602417995331291256e-01
3.656857955877889088e-01
3.711611975036298028e-01
3.766677216159411978e-01
3.822050824719309681e-01
3.877729928415565297e-01
3.933711637284257323e-01
3.989993043807667505e-01
4.046571223024663100e-01
4.103443232641776350e-01
4.160606113144950102e-01
4.218056887911974528e-01
4.275792563325586659e-01
4.333810128887246593e-01
4.392106557331579286e-01
4.450678804741471928e-01
4.509523810663838561e-01
4.568638498226030298e-01
4.628019774252909446e-01
4.687664529384552581e-01
4.747569638194606423e-01
4.807731959309284875e-01
4.868148335526994441e-01
4.928815593938592476e-01
4.989730546048273263e-01
5.050889987895075262e-01
5.112290700175006197e-01
5.173929448363785433e-01
5.235802982840189745e-01
5.297908039010020831e-01
5.360241337430646791e-01
5.422799583936177559e-01
5.485579469763199878e-01
5.548577671677122902e-01
5.611790852099102223e-01
5.675215659233542320e-01
5.738848727196182997e-01
5.802686676142743138e-01
5.866726112398154003e-01
5.930963628586337633e-01
5.995395803760547038e-01
6.060019203534273702e-01
6.124830380212690217e-01
6.189825872924650252e-01
6.255002207755218091e-01
6.320355897878746632e-01
6.385883443692487171e-01
6.451581332950712122e-01
6.517446040899381732e-01
6.583474030411318179e-01
6.649661752121893699e-01
6.716005644565236077e-01
6.782502134310930408e-01
6.849147636101222680e-01
6.915938552988731836e-01
6.982871276474635902e-01
7.049942186647349951e-01
7.117147652321699214e-01
7.184484031178548502e-01
7.251947669904919014e-01
7.319534904334568104e-01
7.387242059589032017e-01
7.455065450219128254e-01
7.523001380346910905e-01
7.591046143808074520e-01
7.659196024294800953e-01
7.727447295499051405e-01
7.795796221256278136e-01
7.864239055689582480e-01
7.932772043354296976e-01
8.001391419382963832e-01
8.070093409630760828e-01
8.138874230821310229e-01
8.207730090692908487e-01
8.276657188145152277e-01
8.345651713385956461e-01
8.414709848078965049e-01
8.483827765491342987e-01
8.553001630641953179e-01
8.622227600449914320e-01
8.691501823883501787e-01
8.760820442109454875e-01
8.830179588642614874e-01
8.899575389495907318e-01
8.969003963330719476e-01
9.038461421607574264e-01
9.107943868737177207e-01
9.177447402231772022e-01
9.246968112856854827e-01
9.316502084783173654e-01
9.386045395739094355e-01
9.455594117163230727e-01
9.525144314357433251e-01
9.594692046640029837e-01
9.664233367499411864e-01
9.733764324747876673e-01
9.803280960675790912e-01
9.872779312205991475e-01
9.942255411048530611e-01
1.001170528385560754e+00
1.008112495237685868e+00
1.015051043361482108e+00
1.021985773998073332e+00
1.028916287945052188e+00
1.035842185572107166e+00
1.042763066836671637e+00
1.049678531299599316e+00
1.056588178140857703e+00
1.063491606175249515e+00
1.070388413868151867e+00
1.077278199351278554e+00
1.084160560438463872e+00
1.091035094641463976e+00
1.097901399185782001e+00
1.104759071026508277e+00
1.111607706864182532e+00
1.118446903160671413e+00
1.125276256155066879e+00
1.132095361879596807e+00
1.138903816175558914e+00
1.145701214709262450e+00
1.152487152987993424e+00
1.159261226375987830e+00
1.166023030110424852e+00
1.172772159317428287e+00
1.179508209028087062e+00
1.186230774194482862e+00
1.192939449705734400e+00
1.199633830404049917e+00
1.206313511100793656e+00
1.212978086592559235e+00
1.219627151677257215e+00
1.226260301170208011e+00
1.232877129920246340e+00
1.239477232825833886e+00
1.246060204851175524e+00
1.252625641042350857e+00
1.259173136543443094e+00
1.265702286612681693e+00
1.272212686638584334e+00
1.278703932156110223e+00
1.285175618862810287e+00
1.291627342634989351e+00
1.298058699543863659e+00
1.304469285871728168e+00
1.310858698128120059e+00
1.317226533065989802e+00
1.323572387697866448e+00
1.329895859312030248e+00
1.336196545488679499e+00
1.342474044116101606e+00
1.348727953406839042e+00
1.354957871913856637e+00
1.361163398546702874e+00
1.367344132587674510e+00
1.373499673707969659e+00
1.379629621983844423e+00
1.385733577912760195e+00
1.391811142429528969e+00
1.397861916922449765e+00
1.403885503249441946e+00
1.409881503754170984e+00
1.415849521282164014e+00
1.421789159196924501e+00
1.427700021396028474e+00
1.433581712327222535e+00
1.439433837004503225e+00
1.445256001024193271e+00
1.451047810581001407e+00
1.456808872484076423e+00
1.462538794173043888e+00
1.468237183734036888e+00
1.473903649915707215e+00
1.479537802145229008e+00
1.485139250544283751e+00
1.490707605945034375e+00
1.496242479906081613e+00
1.501743484728407241e+00
1.507210233471297789e+00
1.512642339968254923e+00
1.518039418842886068e+00
1.523401085524779930e+00
1.528726956265358261e+00
1.534016648153716744e+00
1.539269779132437677e+00
1.544485968013389998e+00
1.549664834493503340e+00
1.554805999170523645e+00
1.559909083558747467e+00
1.564973710104730964e+00
1.569999502202980457e+00
1.574986084211614790e+00
1.579933081468009481e+00
1.584840120304408906e+00
1.589706828063522481e+00
1.594532833114087111e+00
1.599317764866408309e+00
1.604061253787873564e+00
1.608762931418438846e+00
1.613422430386084683e+00
1.618039384422248927e+00
1.622613428377226441e+00
1.627144198235541017e+00
1.631631331131287777e+00
1.636074465363444919e+00
1.640473240411153277e+00
1.644827296948966344e+00
1.649136276862066541e+00
1.653399823261451074e+00
1.657617580499080923e+00
1.661789194183000973e+00
1.665914311192421282e+00
1.669992579692767487e+00
1.674023649150694126e+00
1.678007170349060218e+00
1.681942795401874635e+00
1.685830177769196636e+00
1.689668972272005965e+00
1.693458835107030103e+00
1.697199423861537548e+00
1.700890397528086462e+00
1.704531416519240672e+00
1.708122142682239497e+00
1.711662239313631151e+00
1.715151371173863071e+00
1.718589204501831835e+00
1.721975407029389560e+00
1.725309647995809881e+00
1.728591598162208420e+00
1.731820929825921951e+00
1.734997316834840486e+00
1.738120434601699182e+00
1.741189960118319613e+00
1.744205571969810631e+00
1.747166950348718384e+00
1.750073777069134362e+00
1.752925735580751265e+00
1.755722510982876017e+00
1.758463790038390817e+00
1.761149261187666903e+00
1.763778614562430569e+00
1.766351541999576780e+00
1.768867737054934608e+00
1.771326895016981151e+00
1.773728712920504602e+00
1.776072889560215362e+00
1.778359125504304972e+00
1.780587123107953085e+00
1.782756586526780485e+00
1.784867221730248366e+00
1.786918736515005213e+00
1.788910840518175949e+00
1.790843245230599345e+00
1.792715664010007703e+00
1.794527812094151686e+00
1.796279406613867202e+00
1.797970166606087661e+00
1.799599813026795614e+00
1.801168068763920216e+00
1.802674658650172068e+00
1.804119309475823663e+00
1.805501750001426764e+00
1.806821710970470729e+00
1.808078925121983982e+00
1.809273127203068876e+00
1.810404053981381711e+00
1.811471444257545027e+00
1.812475038877502831e+00
1.813414580744809657e+00
1.814289814832859449e+00
1.815100488197048945e+00
1.815846349986877328e+00
1.816527151457983491e+00
1.817142645984115568e+00
1.817692589069038078e+00
1.818176738358370681e+00
1.818594853651363419e+00
1.818946696912602912e+00
1.819232032283653933e+00
1.819450626094631707e+00
1.819602246875707152e+00
1.819686665368543954e+00
1.819703654537666582e+00
1.819652989581758806e+00
1.819534447944894495e+00
1.819347809327694909e+00
1.819092855698419609e+00
1.818769371303984084e+00
1.818377142680906555e+00
1.817915958666183052e+00
1.817385610408091656e+00
1.816785891376921924e+00
1.816116597375634356e+00
1.815377526550443488e+00
1.814568479401330370e+00
1.813689258792477776e+00
1.812739669962635025e+00
1.811719520535402417e+00
1.810628620529446620e+00
1.809466782368635229e+00
1.808233820892097832e+00
1.806929553364210461e+00
1.805553799484503674e+00
1.804106381397490466e+00
1.802587123702421801e+00
1.800995853462958873e+00
1.799332400216770322e+00
1.797596595985049950e+00
1.795788275281955837e+00
1.793907275123968192e+00
1.791953435039169706e+00
1.789926597076443970e+00
1.787826605814595737e+00
1.785653308371386583e+00
1.783406554412493072e+00
1.781086196160380997e+00
1.778692088403098337e+00
1.776224088502987630e+00
1.773682056405311513e+00
1.771065854646800330e+00
1.768375348364112254e+00
1.765610405302213470e+00
1.762770895822670658e+00
1.759856692911861753e+00
1.756867672189100560e+00
1.753803711914680097e+00
1.750664692997822902e+00
1.747450499004554292e+00
1.744161016165484357e+00
1.740796133383506250e+00
1.737355742241405654e+00
1.733839737009385207e+00
1.730248014652502109e+00
1.726580474838015800e+00
1.722837019942651038e+00
1.719017555059769498e+00
1.715121988006456322e+00
1.711150229330515415e+00
1.707102192317377920e+00
1.702977792996917650e+00
1.698776950150183485e+00
1.694499585316033841e+00
1.690145622797689651e+00
1.685714989669188979e+00
1.681207615781755260e+00
1.676623433770075389e+00
1.671962379058484327e+00
1.667224389867057566e+00
1.662409407217615653e+00
1.657517374939631694e+00
1.652548239676052688e+00
1.647501950889020517e+00
1.642378460865508538e+00
1.637177724722858496e+00
1.631899700414229049e+00
1.626544348733945711e+00
1.621111633322762202e+00
1.615601520673024760e+00
1.610013980133743194e+00
1.604348983915566906e+00
1.598606507095665652e+00
1.592786527622518156e+00
1.586889026320603691e+00
1.580913986894995293e+00
1.574861395935864383e+00
1.568731242922883462e+00
1.562523520229534002e+00
1.556238223127322851e+00
1.549875349789894718e+00
1.543434901297052964e+00
1.536916881638682453e+00
1.530321297718577167e+00
1.523648159358165222e+00
1.516897479300141960e+00
1.510069273212003793e+00
1.503163559689484563e+00
1.496180360259891096e+00
1.489119699385344830e+00
1.481981604465920865e+00
1.474766105842695740e+00
1.467473236800686420e+00
1.460103033571697573e+00
1.452655535337068038e+00
1.445130784230320264e+00
1.437528825339705163e+00
1.429849706710650592e+00
1.422093479348112588e+00
1.414260197218824677e+00
1.406349917253444159e+00
1.398362699348604021e+00
1.390298606368860490e+00
1.382157704148542665e+00
1.373940061493502673e+00
1.365645750182758356e+00
1.357274844970044914e+00
1.348827423585259311e+00
1.340303566735806973e+00
1.331703358107843238e+00
1.323026884367419331e+00
1.314274235161521975e+00
1.305445503119017081e+00
1.296540783851484191e+00
1.287560175953956776e+00
1.278503781005556839e+00
1.269371703570031373e+00
1.260164051196180246e+00
1.250880934418189039e+00
1.241522466755855314e+00
1.232088764714718065e+00
1.222579947786077703e+00
1.212996138446918115e+00
1.203337462159727256e+00
1.193604047372214705e+00
1.183796025516922423e+00
1.173913531010739808e+00
1.163956701254310611e+00
1.153925676631340380e+00
1.143820600507802876e+00
1.133641619231035902e+00
1.123388882128742772e+00
1.113062541507887193e+00
1.102662752653488232e+00
1.092189673827305363e+00
1.081643466266428044e+00
1.071024294181759151e+00
1.060332324756397604e+00
1.049567728143912193e+00
1.038730677466519259e+00
1.027821348813152680e+00
1.016839921237437050e+00
1.005786576755546280e+00
9.946615003439712721e-01
9.834648799371767947e-01
9.721969064251620996e-01
9.608577736509080758e-01
9.494476784077322540e-01
9.379668204365331219e-01
9.264154024229391826e-01
9.147936299943436600e-01
9.031017117168471664e-01
8.913398590920916797e-01
8.795082865539921579e-01
8.676072114653698986e-01
8.556368541144729889e-01
8.435974377114039413e-01
8.314891883844393039e-01
8.193123351762515716e-01
8.070671100400179654e-01
7.947537478354381735e-01
7.823724863246424022e-01
7.699235661680035037e-01
7.574072309198348618e-01
7.448237270239990160e-01
7.321733038094049295e-01
7.194562134854108892e-01
7.066727111371141623e-01
6.938230547205489485e-01
6.809075050577764188e-01
6.679263258318788310e-01
6.548797835818410684e-01
6.417681476973414734e-01
6.285916904134335459e-01
6.153506868051344947e-01
6.020454147818992130e-01
5.886761550820053257e-01
5.752431912668305447e-01
5.617468097150297712e-01
5.481872996166160528e-01
5.345649529669294076e-01
5.208800645605162760e-01
5.071329319849016137e-01
4.933238556142672815e-01
4.794531386030181919e-01
4.655210868792595824e-01
4.515280091381680405e-01
4.374742168352689364e-01
4.233600241796016128e-01
4.091857481267980323e-01
3.949517083720532340e-01
3.806582273430051955e-01
3.663056301925018410e-01
3.518942447912816185e-01
3.374244017205482726e-01
3.228964342644536356e-01
3.083106784024696734e-01
2.936674728016744340e-01
2.789671588089321363e-01
2.642100804429833305e-01
2.493965843864235643e-01
2.345270199775976727e-01
2.196017392023888182e-01
2.046210966859178804e-01
1.895854496841324899e-01
1.744951580753125175e-01
1.593505843514720355e-01
1.441520936096648831e-01
1.289000535432005268e-01
1.135948344327503828e-01
9.823680913737160847e-02
8.282635308542735109e-02
6.736384426541940085e-02
5.184966321671219402e-02
3.628419302017540926e-02
2.066781928872338941e-02
5.000930157768640819e-03
-1.071608372443315534e-02
-2.648282920651814226e-02
-4.229891064385154359e-02
-5.816392990845004052e-02
-7.407748639901154397e-02
-9.003917705102401636e-02
-1.060485963469755405e-01
-1.221053363266485087e-01
-1.382089865975201226e-01
-1.543591343452411224e-01
-1.705553643442142553e-01
-1.867972589682562745e-01
-2.030843982013650073e-01
-2.194163596485633749e-01
-2.357927185468409459e-01
-2.522130477761862499e-01
-2.686769178707016370e-01
-2.851838970298225528e-01
-3.017335511296118100e-01
-3.183254437341521137e-01
-3.349591361070181628e-01
-3.516341872228522236e-01
-3.683501537790139224e-01
-3.851065902073260716e-01
-4.019030486858997664e-01
-4.187390791510615662e-01
-4.356142293093530071e-01
-4.525280446496255937e-01
-4.694800684552136727e-01
-4.864698418162078930e-01
-5.034969036417997756e-01
-5.205607906727206524e-01
-5.376610374937563774e-01
-5.547971765463626248e-01
-5.719687381413494087e-01
-5.891752504716571970e-01
-6.064162396252105180e-01
-6.236912295978676024e-01
-6.409997423064391908e-01
-6.583412976017973817e-01
-6.757154132820665238e-01
-6.931216051058892713e-01
-7.105593868057883400e-01
-7.280282701015955427e-01
-7.455277647139695318e-01
-7.630573783779862618e-01
-7.806166168568237085e-01
-7.982049839555118709e-01
-8.158219815347710346e-01
-8.334671095249196471e-01
-8.511398659398765609e-01
-8.688397468912261168e-01
-8.865662466023700450e-01
-9.043188574227474241e-01
-9.220970698421475653e-01
-9.399003725050841807e-01
-9.577282522252547059e-01
-9.755801940000665695e-01
-9.934556810252535008e-01
-1.011354194709552567e+00
-1.029275214689465034e+00
-1.047218218844081283e+00
-1.065182683309994882e+00
-1.083168082496277052e+00
-1.101173889099527514e+00
-1.119199574119002172e+00
-1.137244606871802954e+00
-1.155308455008154711e+00
-1.173390584526738722e+00
-1.191490459790105261e+00
-1.209607543540149432e+00
-1.227741296913669400e+00
-1.245891179457981224e+00
-1.264056649146609645e+00
-1.282237162395041707e+00
-1.300432174076559422e+00
-1.318641137538128838e+00
-1.336863504616363274e+00
-1.355098725653544056e+00
-1.373346249513725414e+00
-1.391605523598886007e+00
-1.409875993865158827e+00
-1.428157104839114178e+00
-1.446448299634123913e+00
-1.464749019966773647e+00
-1.483058706173349561e+00
-1.501376797226373849e+00
-1.519702730751225639e+00
-1.538035943042803222e+00
-1.556375869082256669e+00
-1.574721942553781950e+00
-1.593073595861468794e+00
-1.611430260146224480e+00
-1.629791365302737605e+00
-1.648156339996516895e+00
-1.666524611680973988e+00
-1.684895606614582597e+00
-1.703268749878079413e+00
-1.721643465391731187e+00
-1.740019175932647988e+00
-1.758395303152172628e+00
-1.776771267593302950e+00
-1.795146488708185828e+00
-1.813520384875652702e+00
-1.831892373418823938e+00
-1.850261870622754046e+00
-1.868628291752139070e+00
-1.886991051069063730e+00
-1.905349561850820050e+00
-1.923703236407759976e+00
-1.942051486101210589e+00
-1.960393721361425756e+00
-1.978729351705608819e+00
-1.997057785755965487e+00
-2.015378431257814906e+00
-2.033690695097748247e+00
-2.051993983321828807e+00
-2.070287701153850968e+00
-2.088571253013637108e+00
-2.106844042535383821e+00
-2.125105472586047650e+00
-2.143354945283789448e+00
-2.161591862016448928e+00
-2.179815623460074292e+00
-2.198025629597482489e+00
-2.216221279736879879e+00
-2.234401972530509539e+00
-2.252567105993349195e+00
-2.270716077521840237e+00
-2.288848283912677584e+00
-2.306963121381616411e+00
-2.325059985582333510e+00
-2.343138271625317071e+00
-2.361197374096810186e+00
-2.379236687077773915e+00
-2.397255604162902287e+00
-2.415253518479660411e+00
-2.433229822707375867e+00
-2.451183909096349200e+00
-2.469115169487009709e+00
-2.487022995329100095e+00
-2.504906777700894427e+00
-2.522765907328459178e+00
-2.540599774604932914e+00
-2.558407769609849947e+00
-2.576189282128481306e+00
-2.593943701671227231e+00
-2.611670417493019425e+00
-2.629368818612767278e+00
-2.647038293832819633e+00
-2.664678231758474958e+00
-2.682288020817497731e+00
-2.699867049279678355e+00
-2.717414705276405495e+00
-2.734930376820283726e+00
-2.752413451824757384e+00
-2.769863318123771734e+00
-2.787279363491447448e+00
-2.804660975661796840e+00
-2.822007542348443643e+00
-2.839318451264378318e+00
-2.856593090141723135e+00
-2.873830846751537660e+00
-2.891031108923626025e+00
-2.908193264566375280e+00
-2.925316701686602183e+00
-2.942400808409437740e+00
-2.959444972998212631e+00
-2.976448583874366616e+00
-2.993411029637376597e+00
-3.010331699084694446e+00
-3.027209981231712810e+00
-3.044045265331735362e+00
-3.060836940895963920e+00
-3.077584397713503339e+00
-3.094287025871378383e+00
-3.110944215774551047e+00
-3.127555358165979182e+00
-3.144119844146656462e+00
-3.160637065195676776e+00
-3.177106413190312395e+00
-3.193527280426089465e+00
-3.209899059636886598e+00
-3.226221144015033460e+00
-3.242492927231410249e+00
-3.258713803455578262e+00
-3.274883167375889581e+00
-3.291000414219621639e+00
-3.307064939773102008e+00
-3.323076140401854950e+00
-3.339033413070736867e+00
-3.354936155364081962e+00
-3.370783765505853236e+00
-3.386575642379782369e+00
-3.402311185549533157e+00
-3.417989795278848053e+00
-3.433610872551697391e+00
-3.449173819092436144e+00
-3.464678037385949150e+00
-3.480122930697805206e+00
-3.495507903094401847e+00
-3.510832359463103458e+00
-3.526095705532390046e+00
-3.541297347891990022e+00
-3.556436694013008548e+00
-3.571513152268054103e+00
-3.586526131951361052e+00
-3.601475043298894896e+00
-3.616359297508468185e+00
-3.631178306759821783e+00
-3.645931484234730124e+00
-3.660618244137070043e+00
-3.675238001712893610e+00
-3.689790173270483642e+00
-3.704274176200403890e+00
-3.718689428995532342e+00
-3.733035351271085656e+00
-3.747311363784629812e+00
-3.761516888456066354e+00
-3.775651348387631501e+00
-3.789714167883847296e+00
-3.803704772471479867e+00
-3.817622588919471038e+00
-3.831467045258856619e+00
-3.845237570802665594e+00
-3.858933596165805557e+00
-3.872554553284913492e+00
-3.886099875438215445e+00
-3.899568997265338233e+00
-3.912961354787114487e+00
-3.926276385425365500e+00
-3.939513528022656086e+00
-3.952672222862033014e+00
-3.965751911686739906e+00
-3.978752037719895718e+00
-3.991672045684171888e+00
-4.004511381821425964e+00
-4.017269493912310807e+00
-4.029945831295865588e+00
-4.042539844889072143e+00
-4.055050987206390012e+00
-4.067478712379255512e+00
-4.079822476175553270e+00
-4.092081736019070881e+00
-4.104255951008902947e+00
-4.116344581938838232e+00
-4.128347091316710404e+00
-4.140262943383716809e+00
-4.152091604133706149e+00
-4.163832541332427972e+00
-4.175485224536758189e+00
-4.187049125113871284e+00
-4.198523716260402772e+00
-4.209908473021554798e+00
-4.221202872310170662e+00
-4.232406392925778249e+00
-4.243518515573588168e+00
-4.254538722883456359e+00
-4.265466499428811176e+00
-4.276301331745526291e+00
-4.287042708350779385e+00
-4.297690119761843341e+00
-4.308243058514850787e+00
-4.318701019183514234e+00
-4.329063498397795584e+00
-4.339329994862548112e+00
-4.349500009376096266e+00
-4.359573044848779055e+00
-4.369548606321456141e+00
-4.379426200983952633e+00
-4.389205338193469252e+00
-4.398885529492936541e+00
-4.408466288629331764e+00
-4.417947131571934527e+00
-4.427327576530545983e+00
-4.436607143973651191e+00
-4.445785356646527298e+00
-4.454861739589317970e+00
-4.463835820155034995e+00
-4.472707128027521684e+00
-4.481475195239361220e+00
-4.490139556189726378e+00
-4.498699747662182169e+00
-4.507155308842436092e+00
-4.515505781336013769e+00
-4.523750709185913266e+00
-4.531889638890169714e+00
-4.539922119419382618e+00
-4.547847702234181888e+00
-4.555665941302630806e+00
-4.563376393117575702e+00
-4.570978616713937015e+00
-4.578472173685932844e+00
-4.585856628204254548e+00
-4.593131547033170392e+00
-4.600296499547573248e+00
-4.607351057749966117e+00
-4.614294796287381928e+00
-4.621127292468242054e+00
-4.627848126279152652e+00
-4.634456880401636170e+00
-4.640953140228790019e+00
-4.647336493881895514e+00
-4.653606532226945092e+00
-4.659762848891112696e+00
-4.665805040279153104e+00
-4.671732705589731083e+00
-4.677545446831689269e+00
-4.683242868840240547e+00
-4.688824579293092043e+00
-4.694290188726505164e+00
-4.699639310551273930e+00
-4.704871561068644681e+00
-4.709986559486151414e+00
-4.714983927933390717e+00
-4.719863291477714995e+00
-4.724624278139858191e+00
-4.729266518909480688e+00
-4.733789647760651143e+00
-4.738193301667239510e+00
-4.742477120618245223e+00
-4.746640747633045443e+00
-4.750683828776565143e+00
-4.754606013174371704e+00
-4.758406953027692232e+00
-4.762086303628354500e+00
-4.765643723373639062e+00
-4.769078873781070094e+00
-4.772391419503109411e+00
-4.775581028341775891e+00
-4.778647371263192056e+00
-4.781590122412034738e+00
-4.784408959125915572e+00
-4.787103561949672681e+00
-4.789673614649582412e+00
-4.792118804227488482e+00
-4.794438820934843193e+00
-4.796633358286667814e+00
-4.798702113075426823e+00
-4.800644785384816871e+00
-4.802461078603466937e+00
-4.804150699438559435e+00
-4.805713357929354501e+00
-4.807148767460637906e+00
-4.808456644776067712e+00
-4.809636709991448988e+00
-4.810688686607900166e+00
-4.811612301524951008e+00
-4.812407285053531325e+00
-4.813073370928883321e+00
-4.813610296323375337e+00
-4.814017801859229451e+00
-4.814295631621153149e+00
-4.814443533168878631e+00
-4.814461257549615070e+00
-4.814348559310401399e+00
-4.814105196510367612e+00
-4.813730930732902813e+00
-4.813225527097729106e+00
-4.812588754272876912e+00
-4.811820384486570568e+00
-4.810920193539013567e+00
-4.809887960814075214e+00
-4.808723469290892005e+00
-4.807426505555356222e+00
-4.805996859811516586e+00
-4.804434325892882995e+00
-4.802738701273622013e+00
-4.800909787079662649e+00
-4.798947388099699118e+00
-4.796851312796096778e+00
-4.794621373315692381e+00
-4.792257385500497513e+00
-4.789759168898301667e+00
-4.787126546773170510e+00
-4.784359346115845568e+00
-4.781457397654038211e+00
-4.778420535862626828e+00
-4.775248598973740322e+00
-4.771941428986749223e+00
-4.768498871678146678e+00
-4.764920776611328179e+00
-4.761206997146262054e+00
-4.757357390449059587e+00
-4.753371817501439445e+00
-4.749250143110080202e+00
-4.744992235915875156e+00
-4.740597968403071683e+00
-4.736067216908315558e+00
-4.731399861629572712e+00
-4.726595786634955054e+00
-4.721654879871434396e+00
-4.716577033173445344e+00
-4.711362142271385167e+00
-4.706010106799996429e+00
-4.700520830306646580e+00
-4.694894220259498319e+00
-4.689130188055562698e+00
-4.683228649028646551e+00
-4.677189522457192439e+00
-4.671012731571996035e+00
-4.664698203563828471e+00
-4.658245869590927235e+00
-4.651655664786391142e+00
-4.644927528265454519e+00
-4.638061403132651250e+00
-4.631057236488862472e+00
-4.623914979438255024e+00
-4.616634587095102660e+00
-4.609216018590494457e+00
-4.601659237078931319e+00
-4.593964209744796356e+00
-4.586130907808730228e+00
-4.578159306533868822e+00
-4.570049385231985006e+00
-4.561801127269496270e+00
-4.553414520073373772e+00
-4.544889555136921722e+00
-4.536226228025442175e+00
-4.527424538381789709e+00
-4.518484489931800852e+00
-4.509406090489608943e+00
-4.500189351962840867e+00
-4.490834290357697434e+00
-4.481340925783914741e+00
-4.471709282459595869e+00
-4.461939388715951083e+00
-4.452031277001880838e+00
-4.441984983888474403e+00
-4.431800550073367262e+00
-4.421478020384987495e+00
-4.411017443786676928e+00
-4.400418873380697704e+00
-4.389682366412110071e+00
-4.378807984272547138e+00
-4.367795792503835095e+00
-4.356645860801529047e+00
-4.345358263018305855e+00
-4.333933077167237080e+00
-4.322370385424947337e+00
-4.310670274134646540e+00
-4.298832833809031584e+00
-4.286858159133086765e+00
-4.274746348966735887e+00
-4.262497506347386000e+00
-4.250111738492353020e+00
-4.237589156801144341e+00
-4.224929876857639321e+00
-4.212134018432133864e+00
-4.199201705483263325e+00
-4.186133066159797522e+00
-4.172928232802330939e+00
-4.159587341944814831e+00
-4.146110534315993412e+00
-4.132497954840706811e+00
-4.118749752641060802e+00
-4.104866081037487291e+00
-4.090847097549663580e+00
-4.076692963897315281e+00
-4.062403846000899321e+00
-4.047979913982143074e+00
-4.033421342164475121e+00
-4.018728309073321903e+00
-4.003900997436284470e+00
-3.988939594183181114e+00
-3.973844290445969207e+00
-3.958615281558536925e+00
-3.943252767056381280e+00
-3.927756950676135173e+00
-3.912128040354989178e+00
-3.896366248229981455e+00
-3.880471790637155749e+00
-3.864444888110596388e+00
-3.848285765381336265e+00
-3.831994651376137373e+00
-3.815571779216138104e+00
-3.799017386215394865e+00
-3.782331713879260260e+00
-3.765515007902668021e+00
-3.748567518168270940e+00
-3.731489498744461120e+00
-3.714281207883253888e+00
-3.696942908018055363e+00
-3.679474865761285685e+00
-3.661877351901901889e+00
-3.644150641402757795e+00
-3.626295013397862643e+00
-3.608310751189503840e+00
-3.590198142245240476e+00
-3.571957478194770719e+00
-3.553589054826669535e+00
-3.535093172084997182e+00
-3.516470134065796227e+00
-3.497720249013424709e+00
-3.478843829316797809e+00
-3.459841191505485192e+00
-3.440712656245679124e+00
-3.421458548336040018e+00
-3.402079196703411412e+00
-3.382574934398406619e+00
-3.362946098590866573e+00
-3.343193030565203117e+00
-3.323316075715583739e+00
-3.303315583541021283e+00
-3.283191907640316209e+00
-3.262945405706880742e+00
-3.242576439523428888e+00
-3.222085374956541681e+00
-3.201472581951101848e+00
-3.180738434524615688e+00
-3.159883310761377295e+00
-3.138907592806534197e+00
-3.117811666860011766e+00
-3.096595923170313736e+00
-3.075260756028194820e+00
-3.053806563760204984e+00
-3.032233748722103606e+00
-3.010542717292167936e+00
-2.988733879864332366e+00
-2.966807650841241095e+00
-2.944764448627155140e+00
-2.922604695620734994e+00
-2.900328818207700721e+00
-2.877937246753357936e+00
-2.855430415595005655e+00
-2.832808763034207811e+00
-2.810072731328963069e+00
-2.787222766685704567e+00
-2.764259319251216596e+00
-2.741182843104403855e+00
-2.717993796247940796e+00
-2.694692640599792632e+00
-2.671279841984613768e+00
-2.647755870125015676e+00
-2.624121198632729079e+00
-2.600376304999602706e+00
-2.576521670588515889e+00
-2.552557780624146400e+00
-2.528485124183619703e+00
-2.504304194187031651e+00
-2.480015487387847717e+00
-2.455619504363174332e+00
-2.431116749503928087e+00
-2.406507731004837503e+00
-2.381792960854363539e+00
-2.356972954824479771e+00
-2.332048232460326442e+00
-2.307019317069748610e+00
-2.281886735712707281e+00
-2.256651019190570207e+00
-2.231312702035275208e+00
-2.205872322498392712e+00
-2.180330422540023960e+00
-2.154687547817621063e+00
-2.128944247674661838e+00
-2.103101075129212294e+00
-2.077158586862362100e+00
-2.051117343206545041e+00
-2.024977908133728910e+00
-1.998740849243515250e+00
-1.972406737751065009e+00
-1.945976148474956924e+00
-1.919449659824898680e+00
-1.892827853789327719e+00
-1.866111315922889036e+00
-1.839300635333797285e+00
-1.812396404671073658e+00
-1.785399220111689722e+00
-1.758309681347544506e+00
-1.731128391572373193e+00
-1.703855957468512372e+00
-1.676492989193555161e+00
-1.649040100366887973e+00
-1.621497908056112047e+00
-1.593867032763342628e+00
-1.566148098411417555e+00
-1.538341732329941092e+00
-1.510448565241261587e+00
-1.482469231246308583e+00
-1.454404367810321563e+00
-1.426254615748463905e+00
-1.398020619211322924e+00
-1.369703025670294894e+00
-1.341302485902853725e+00
-1.312819653977729706e+00
-1.284255187239927265e+00
-1.255609746295679230e+00
-1.226883994997263638e+00
-1.198078600427715745e+00
-1.169194232885426121e+00
-1.140231565868629948e+00
-1.111191276059779742e+00
-1.082074043309832811e+00
-1.052880550622378619e+00
-1.023611484137707528e+00
-9.942675331167436514e-01
-9.648493899248758998e-01
-9.353577500156797786e-01
-9.057933119145301637e-01
-8.761567772021024991e-01
-8.464488504977928374e-01
-8.166702394429780076e-01
-7.868216546842214942e-01
-7.569038098563483086e-01
-7.269174215654181648e-01
-6.968632093715936282e-01
-6.667418957719041250e-01
-6.365542061829047027e-01
-6.063008689232253223e-01
-5.759826151960443230e-01
-5.456001790714041233e-01
-5.151542974684777398e-01
-4.846457101377070753e-01
-4.540751596428438397e-01
-4.234433913428888863e-01
-3.927511533739314054e-01
-3.619991966308813147e-01
-3.311882747491287082e-01
-3.003191440860497052e-01
-2.693925637024669473e-01
-2.384092953439846951e-01
-2.073701034222301121e-01
-1.762757549959976244e-01
-1.451270197522953609e-01
-1.139246699872892565e-01
-8.266948058717825398e-02
-5.136222900891843079e-02
-2.000369526090657948e-02
1.140533811645858334e-02
4.286408607030441076e-02
7.437176105490626854e-02
1.059275730514031844e-01
1.375307295876064262e-01
1.691804357579063389e-01
2.008758942432433137e-01
2.326163053312261253e-01
2.644008669362856723e-01
2.962287746199470106e-01
3.280992216111858761e-01
3.600113988268748844e-01
3.919644948923186045e-01
4.239576961618828355e-01
4.559901867396836672e-01
4.880611485004203720e-01
5.201697611102383823e-01
5.523152020477084534e-01
5.844966466248832093e-01
6.167132680084418395e-01
6.489642372409182292e-01
6.812487232620185740e-01
7.135658929299949493e-01
7.459149110431593233e-01
7.782949403614219941e-01
8.107051416279412726e-01
8.431446735908491030e-01
8.756126930250568430e-01
9.081083547541421996e-01
9.406308116723152146e-01
9.731792147664698467e-01
1.005752713138284626e+00
1.038350454026459868e+00
1.070971582828974089e+00
1.103615243125445788e+00
1.136280576699566724e+00
1.168966723561610799e+00
1.201672821971016880e+00
1.234398008459053342e+00
1.267141417851526786e+00
1.299902183291622659e+00
1.332679436262759420e+00
1.365472306611545505e+00
1.398279922570800915e+00
1.431101410782649852e+00
1.463935896321684416e+00
1.496782502718202457e+00
1.529640351981486956e+00
1.562508564623210416e+00
1.595386259680851460e+00
1.628272554741204248e+00
1.661166565963951625e+00
1.694067408105302874e+00
1.726974194541698315e+00
1.759886037293575178e+00
1.792802047049207204e+00
1.825721333188577100e+00
1.858643003807369132e+00
1.891566165740967254e+00
1.924489924588542733e+00
1.957413384737197282e+00
1.990335649386166139e+00
2.023255820571081554e+00
2.056172999188299322e+00
2.089086285019257527e+00
2.121994776754945633e+00
2.154897572020380458e+00
2.187793767399158540e+00
2.220682458458066666e+00
2.253562739771739043e+00
2.286433704947378409e+00
2.319294446649525554e+00
2.352144056624863033e+00
2.384981625727122356e+00
2.417806243941988953e+00
2.450617000412081747e+00
2.483412983461984691e+00
2.516193280623321371e+00
2.548956978659880690e+00
2.581703163592794059e+00
2.614430920725757890e+00
2.647139334670283173e+00
2.679827489371042759e+00
2.712494468131208869e+00
2.745139353637862545e+00
2.777761227987444848e+00
2.810359172711244469e+00
2.842932268800938633e+00
2.875479596734170418e+00
2.908000236500145608e+00
2.940493267625325924e+00
2.972957769199104039e+00
3.005392819899546542e+00
3.037797498019168874e+00
3.070170881490751125e+00
3.102512047913186244e+00
3.134820074577373106e+00
3.167094038492115793e+00
3.199333016410116137e+00
3.231536084853938728e+00
3.263702320142046087e+00
3.295830798414851159e+00
3.327920595660808889e+00
3.359970787742535769e+00
3.391980450422960480e+00
3.423948659391510496e+00
3.455874490290299139e+00
3.487757018740395232e+00
3.519595320368069213e+00
3.551388470831087218e+00
3.583135545845032688e+00
3.614835621209646188e+00
3.646487772835198093e+00
3.678091076768880807e+00
3.709644609221206313e+00
3.741147446592472559e+00
3.772598665499204085e+00
3.803997342800636172e+00
3.835342555625214533e+00
3.866633381397112768e+00
3.897868897862773352e+00
3.929048183117470394e+00
3.960170315631854621e+00
3.991234374278581853e+00
4.022239438358891306e+00
4.053184587629237612e+00
4.084068902327914863e+00
4.114891463201714394e+00
4.145651351532576356e+00
4.176347649164267928e+00
4.206979438529066861e+00
4.237545802674435258e+00
4.268045825289754625e+00
4.298478590733016524e+00
4.328843184057544313e+00
4.359138691038724644e+00
4.389364198200737199e+00
4.419518792843294186e+00
4.449601563068393162e+00
4.479611597807037882e+00
4.509547986846028422e+00
4.539409820854690025e+00
4.569196191411635688e+00
4.598906191031523427e+00
4.628538913191817095e+00
4.658093452359536535e+00
4.687568904018029947e+00
4.716964364693692957e+00
4.746278931982764071e+00
4.775511704578049077e+00
4.804661782295662320e+00
4.833728266101775084e+00
4.862710258139342656e+00
4.891606861754834057e+00
4.920417181524946670e+00
4.949140323283327980e+00
4.977775394147250232e+00
5.006321502544338387e+00
5.034777758239231460e+00
5.063143272360253633e+00
5.091417157426077367e+00
5.119598527372362540e+00
5.147686497578401799e+00
5.175680184893723279e+00
5.203578707664693326e+00
5.231381185761120101e+00
5.259086740602805676e+00
5.286694495186108789e+00
5.314203574110472950e+00
5.341613103604945678e+00
5.368922211554669310e+00
5.396130027527368256e+00
5.423235682799773194e+00
5.450238310384090568e+00
5.477137045054384146e+00
5.503931023372971687e+00
5.530619383716778081e+00
5.557201266303672504e+00
5.583675813218781592e+00
5.610042168440766197e+00
5.636299477868083940e+00
5.662446889345191359e+00
5.688483552688777145e+00
5.714408619713902127e+00
5.740221244260147238e+00
5.765920582217712642e+00
5.791505791553493765e+00
5.816976032337119129e+00
5.842330466766963326e+00
5.867568259196095148e+00
5.892688576158247926e+00
5.917690586393691277e+00
5.942573460875109070e+00
5.967336372833414337e+00
5.991978497783544633e+00
6.016499013550204111e+00
6.040897100293576294e+00
6.065171940534975548e+00
6.089322719182495014e+00
6.113348623556573713e+00
6.137248843415542332e+00
6.161022570981114832e+00
6.184669000963841867e+00
6.208187330588519792e+00
6.231576759619546380e+00
6.254836490386236569e+00
6.277965727808076046e+00
6.300963679419960606e+00
6.323829555397342261e+00
6.346562568581360253e+00
6.369161934503898337e+00
6.391626871412609212e+00
6.413956600295866117e+00
6.436150344907687781e+00
6.458207331792575445e+00
6.480126790310333007e+00
6.501907952660804568e+00
6.523550053908564905e+00
6.545052332007554874e+00
6.566414027825653754e+00
6.587634385169202744e+00
6.608712650807460953e+00
6.629648074496996557e+00
6.650439909006039763e+00
6.671087410138748730e+00
6.691589836759429311e+00
6.711946450816684617e+00
6.732156517367505089e+00
6.752219304601291938e+00
6.772134083863814880e+00
6.791900129681113896e+00
6.811516719783306861e+00
6.830983135128374073e+00
6.850298659925831757e+00
6.869462581660363831e+00
6.888474191115371070e+00
6.907332782396457205e+00
6.926037652954838642e+00
6.944588103610693786e+00
6.962983438576410222e+00
6.981222965479807030e+00
6.999305995387238966e+00
7.017231842826650023e+00
7.034999825810541729e+00
7.052609265858869492e+00
7.070059488021864347e+00
7.087349820902775654e+00
7.104479596680519649e+00
7.121448151132287130e+00
7.138254823656035697e+00
7.154898957292911810e+00
7.171379898749600912e+00
7.187696998420587846e+00
7.203849610410336446e+00
7.219837092555382974e+00
7.235658806446354951e+00
7.251314117449889629e+00
7.266802394730489389e+00
7.282123011272272350e+00
7.297275343900641253e+00
7.312258773303870640e+00
7.327072684054599883e+00
7.341716464631240946e+00
7.356189507439298225e+00
7.370491208832585350e+00
7.384620969134375379e+00
7.398578192658441743e+00
7.412362287730005050e+00
7.425972666706602610e+00
7.439408745998848715e+00
7.452669946091110553e+00
7.465755691562088181e+00
7.478665411105290595e+00
7.491398537549430081e+00
7.503954507878709990e+00
7.516332763253013916e+00
7.528532749028004289e+00
7.540553914775116162e+00
7.552395714301454177e+00
7.564057605669586515e+00
7.575539051217250019e+00
7.586839517576924763e+00
7.597958475695351765e+00
7.608895400852903279e+00
7.619649772682879352e+00
7.630221075190684488e+00
7.640608796772914602e+00
7.650812430236316963e+00
7.660831472816672871e+00
7.670665426197543546e+00
7.680313796528934311e+00
7.689776094445838872e+00
7.699051835086675233e+00
7.708140538111615037e+00
7.717041727720803657e+00
7.725754932672472819e+00
7.734279686300934209e+00
7.742615526534467385e+00
7.750761995913100222e+00
7.758718641606268562e+00
7.766485015430367511e+00
7.774060673866183713e+00
7.781445178076224600e+00
7.788638093921918859e+00
7.795638991980711197e+00
7.802447447563033656e+00
7.809063040729174787e+00
7.815485356306008491e+00
7.821713983903627820e+00
7.827748517931845562e+00
7.833588557616580239e+00
7.839233707016125763e+00
7.844683575037298517e+00
7.849937775451462763e+00
7.854995926910433468e+00
7.859857652962265462e+00
7.864522582066910239e+00
7.868990347611753755e+00
7.873260587927036980e+00
7.877332946301140559e+00
7.881207070995754904e+00
7.884882615260921490e+00
7.888359237349947151e+00
7.891636600534199353e+00
7.894714373117762030e+00
7.897592228451976837e+00
7.900269844949854736e+00
7.902746906100349022e+00
7.905023100482512000e+00
7.907098121779518429e+00
7.908971668792556642e+00
7.910643445454593525e+00
7.912113160844005399e+00
7.913380529198078328e+00
7.914445269926380533e+00
7.915307107623998029e+00
7.915965772084637919e+00
7.916420998313603796e+00
7.916672526540630805e+00
7.916720102232590150e+00
7.916563476106057706e+00
7.916202404139753845e+00
7.915636647586833163e+00
7.914865972987054299e+00
7.913890152178804982e+00
7.912708962310991190e+00
7.911322185854789524e+00
7.909729610615262807e+00
7.907931029742834461e+00
7.905926241744627880e+00
7.903715050495667249e+00
7.901297265249930035e+00
7.898672700651276024e+00
7.895841176744216483e+00
7.892802518984561644e+00
7.889556558249903873e+00
7.886103130849993370e+00
7.882442078536928243e+00
7.878573248515245986e+00
7.874496493451834667e+00
7.870211671485731308e+00
7.865718646237754186e+00
7.861017286819998340e+00
7.856107467845198755e+00
7.850989069435924783e+00
7.845661977233656437e+00
7.840126082407684827e+00
7.834381281663898910e+00
7.828427477253403488e+00
7.822264576980990647e+00
7.815892494213486863e+00
7.809311147887914473e+00
7.802520462519552780e+00
7.795520368209799322e+00
7.788310800653934329e+00
7.780891701148686224e+00
7.773263016599694097e+00
7.765424699528789887e+00
7.757376708081133998e+00
7.749119006032223034e+00
7.740651562794710117e+00
7.731974353425118629e+00
7.723087358630358779e+00
7.713990564774139358e+00
7.704683963883174336e+00
7.695167553653297077e+00
7.685441337455376498e+00
7.675505324341089342e+00
7.665359529048568987e+00
7.655003972007851765e+00
7.644438679346222010e+00
7.633663682893353730e+00
7.622679020186342136e+00
7.611484734474556646e+00
7.600080874724329583e+00
7.588467495623525849e+00
7.576644657585915432e+00
7.564612426755433106e+00
7.552370875010232965e+00
7.539920079966647037e+00
7.527260124982920964e+00
7.514391099162858190e+00
7.501313097359265214e+00
7.488026220177236070e+00
7.474530573977328451e+00
7.460826270878516908e+00
7.446913428761053666e+00
7.432792171269104742e+00
7.418462627813299015e+00
7.403924933573049039e+00
7.389179229498780366e+00
7.374225662313951268e+00
7.359064384516925905e+00
7.343695554382721369e+00
7.328119335964535352e+00
7.312335899095188552e+00
7.296345419388325482e+00
7.280148078239537135e+00
7.263744062827266923e+00
7.247133566113559411e+00
7.230316786844706023e+00
7.213293929551641170e+00
7.196065204550271766e+00
7.178630827941557158e+00
7.160991021611514462e+00
7.143146013230979641e+00
7.125096036255285981e+00
7.106841329923725858e+00
7.088382139258854409e+00
7.069718715065690162e+00
7.050851313930660780e+00
7.031780198220488387e+00
7.012505636080815563e+00
6.993027901434764715e+00
6.973347273981238104e+00
6.953464039193155699e+00
6.933378488315457666e+00
6.913090918362946979e+00
6.892601632118049437e+00
6.871910938128289459e+00
6.851019150703727689e+00
6.829926589914119717e+00
6.808633581586025052e+00
6.787140457299667418e+00
6.765447554385652040e+00
6.743555215921576362e+00
6.721463790728376964e+00
6.699173633366637404e+00
6.676685104132592308e+00
6.653998569054122569e+00
6.631114399886432587e+00
6.608032974107705293e+00
6.584754674914505834e+00
6.561279891217017379e+00
6.537609017634209430e+00
6.513742454488708589e+00
6.489680607801644463e+00
6.465423889287198023e+00
6.440972716347110882e+00
6.416327512064954774e+00
6.391488705200231379e+00
6.366456730182396662e+00
6.341232027104594771e+00
6.315815041717375067e+00
6.290206225422083186e+00
6.264406035264268091e+00
6.238414933926745398e+00
6.212233389722666033e+00
6.185861876588305996e+00
6.159300874075713139e+00
6.132550867345276657e+00
6.105612347157985731e+00
6.078485809867699707e+00
6.051171757413078112e+00
6.023670697309523092e+00
5.995983142640793240e+00
5.968109612050604973e+00
5.940050629733981680e+00
5.911806725428426113e+00
5.883378434405048374e+00
5.854766297459371494e+00
5.825970860902137005e+00
5.796992676549796109e+00
5.767832301714983956e+00
5.738490299196734590e+00
5.708967237270536899e+00
5.679263689678332838e+00
5.649380235618193247e+00
5.619317459734015863e+00
5.589075952104876954e+00
5.558656308234407817e+00
5.528059129039829322e+00
5.497285020840998904e+00
5.466334595349183978e+00
5.435208469655673724e+00
5.403907266220350891e+00
5.372431612859931427e+00
5.340782142736225424e+00
5.308959494344059671e+00
5.276964311499233062e+00
5.244797243326110525e+00
5.212458944245256021e+00
5.179950073960773338e+00
5.147271297447503002e+00
5.114423284938169445e+00
5.081406711910201324e+00
5.048222259072582041e+00
5.014870612352353874e+00
4.981352462881146081e+00
4.947668506981427683e+00
4.913819446152601245e+00
4.879805987057070027e+00
4.845628841505958739e+00
4.811288726444881370e+00
4.776786363939355518e+00
4.742122481160260250e+00
4.707297810368944013e+00
4.672313088902360967e+00
4.637169059157932871e+00
4.601866468578259983e+00
4.566406069635799092e+00
4.530788619817200491e+00
4.495014881607706236e+00
4.459085622475173594e+00
4.423001614854173091e+00
4.386763636129712651e+00
4.350372468621014121e+00
4.313828899565008257e+00
4.277133721099674268e+00
4.240287730247367826e+00
4.203291728897798230e+00
4.166146523791067757e+00
4.128852926500353071e+00
4.091411753414631036e+00
4.053823825721132756e+00
4.016089969387641290e+00
3.978211015144782259e+00
3.940187798467960523e+00
3.902021159559371011e+00
3.863711943329643628e+00
3.825260999379560545e+00
3.786669181981411558e+00
3.747937350060407180e+00
3.709066367175809287e+00
3.670057101501923214e+00
3.630910425809076081e+00
3.591627217444251841e+00
3.552208358311798264e+00
3.512654734853774663e+00
3.472967238030377768e+00
3.433146763300001236e+00
3.393194210599369320e+00
3.353110484323380103e+00
3.312896493304819945e+00
3.272553150794068610e+00
3.232081374438457111e+00
3.191482086261718365e+00
3.150756212643060383e+00
3.109904684296326938e+00
3.068928436248870462e+00
3.027828407820288170e+00
2.986605542601171948e+00
2.945260788431494969e+00
2.903795097379104462e+00
2.862209425717838318e+00
2.820504733905749628e+00
2.778681986562951955e+00
2.736742152449560095e+00
2.694686204443345723e+00
2.652515119517262931e+00
2.610229878716986196e+00
2.567831467138098400e+00
2.525320873903381003e+00
2.482699092139739605e+00
2.439967118955236103e+00
2.397125955415750020e+00
2.354176606521739767e+00
2.311120081184724562e+00
2.267957392203631795e+00
2.224689556241180366e+00
2.181317593799894983e+00
2.137842529198252794e+00
2.094265390546446781e+00
2.050587209722262827e+00
2.006809022346674354e+00
1.962931867759314608e+00
1.918956788993977147e+00
1.874884832753766606e+00
1.830717049386368922e+00
1.786454492858956744e+00
1.742098220733220293e+00
1.697649294140026743e+00
1.653108777754198400e+00
1.608477739769010428e+00
1.563757251870572906e+00
1.518948389212251060e+00
1.474052230388732010e+00
1.429069857410224964e+00
1.384002355676297258e+00
1.338850813949843399e+00
1.293616324330686407e+00
1.248299982229305716e+00
1.202902886340289523e+00
1.157426138615673894e+00
1.111870844238332268e+00
1.066238111595009697e+00
1.020529052249504298e+00
9.747447809154804466e-01
9.288864154294155240e-01
8.829550767232733355e-01
8.369518887970703869e-01
7.908779786914980070e-01
7.447344764601904199e-01
6.985225151421501355e-01
6.522432307338037472e-01
6.058977621612167130e-01
5.594872512519392105e-01
5.130128427069968744e-01
4.664756840726120291e-01
4.198769257118238341e-01
3.732177207761714910e-01
3.264992251770283405e-01
2.797225975571008272e-01
2.328889992615630067e-01
1.859995943093573079e-01
1.390555493641315310e-01
9.205803370532818219e-02
4.500821919901058787e-02
-2.092719731407203729e-03
-4.924360613435834616e-02
-9.644326055966663536e-02
-1.436905010879156175e-01
-1.909841433601790761e-01
-2.383230006075917340e-01
-2.857058836811797176e-01
-3.331316010817816919e-01
-3.805989589898914893e-01
-4.281067612958431301e-01
-4.756538096298141838e-01
-5.232389033921863719e-01
-5.708608397837247050e-01
-6.185184138361103923e-01
-6.662104184423088826e-01
-7.139356443871884839e-01
-7.616928803782253565e-01
-8.094809130761208005e-01
-8.572985271257561601e-01
-9.051445051869563274e-01
-9.530176279656076277e-01
-1.000916674244582083e+00
-1.048840420915014393e+00
-1.096787643007400170e+00
-1.144757113722944419e+00
-1.192747604464984734e+00
-1.240757884870321348e+00
-1.288786722840876919e+00
-1.336832884575160252e+00
-1.384895134600072186e+00
-1.432972235802533856e+00
-1.481062949461351863e+00
-1.529166035279159841e+00
-1.577280251414255652e+00
-1.625404354512765437e+00
-1.673537099740604495e+00
-1.721677240815777221e+00
-1.769823530040471438e+00
-1.817974718333492889e+00
-1.866129555262508344e+00
-1.914286789076523387e+00
-1.962445166738424840e+00
-2.010603433957414143e+00
-2.058760335221760940e+00
-2.106914613831341931e+00
-2.155065011930514807e+00
-2.203210270540776783e+00
-2.251349129593759102e+00
-2.299480327964017690e+00
-2.347602603502053409e+00
-2.395714693067390488e+00
-2.443815332561538156e+00
-2.491903256961259139e+00
-2.539977200351623221e+00
-2.588035895959386323e+00
-2.636078076186158192e+00
-2.684102472641803239e+00
-2.732107816177881343e+00
-2.780092836920969201e+00
-2.828056264306290757e+00
-2.875996827111115817e+00
-2.923913253488482855e+00
-2.971804271000687336e+00
-3.019668606653098220e+00
-3.067504986927751975e+00
-3.115312137817167759e+00
-3.163088784858197222e+00
-3.210833653165752199e+00
-3.258545467466825052e+00
-3.306222952134270976e+00
-3.353864831220912723e+00
-3.401469828493396630e+00
-3.449036667466368833e+00
-3.496564071436424559e+00
-3.544050763516267910e+00
-3.591495466668898295e+00
-3.638896903741668964e+00
-3.686253797500623985e+00
-3.733564870664599411e+00
-3.780828845939625094e+00
-3.828044446053103123e+00
-3.875210393788177665e+00
-3.922325412018141666e+00
-3.969388223740692556e+00
-4.016397552112472624e+00
-4.063352120483362029e+00
-4.110250652431064466e+00
-4.157091871795446814e+00
-4.203874502713167871e+00
-4.250597269652086396e+00
-4.297258897445837889e+00
-4.343858111328450455e+00
-4.390393636968796365e+00
-4.436864200505321598e+00
-4.483268528580517831e+00
-4.529605348375681295e+00
-4.575873387645419399e+00
-4.622071374752431794e+00
-4.668198038702060515e+00
-4.714252109177015093e+00
-4.760232316572110989e+00
-4.806137392028845490e+00
-4.851966067470240951e+00
-4.897717075635422468e+00
-4.943389150114469999e+00
-4.988981025383029788e+00
-5.034491436837097211e+00
-5.079919120827794288e+00
-5.125262814696002422e+00
-5.170521256807228738e+00
-5.215693186586215724e+00
-5.260777344551819112e+00
-5.305772472351614866e+00
-5.350677312796770835e+00
-5.395490609896670620e+00
-5.440211108893699077e+00
-5.484837556298010952e+00
-5.529368699922155628e+00
-5.573803288915911480e+00
-5.618140073800875101e+00
-5.662377806505292988e+00
-5.706515240398617017e+00
-5.750551130326325477e+00
-5.794484232644481203e+00
-5.838313305254433594e+00
-5.882037107637517082e+00
-5.925654400889574625e+00
-5.969163947755699695e+00
-6.012564512664710037e+00
-6.055854861763863894e+00
-6.099033762953310678e+00
-6.142099985920694394e+00
-6.185052302175720662e+00
-6.227889485084562970e+00
-6.270610309904471436e+00
-6.313213553818108892e+00
-6.355697995968119685e+00
-6.398062417491419573e+00
-6.440305601553709458e+00
-6.482426333383735084e+00
-6.524423400307664878e+00
-6.566295591783444685e+00
-6.608041699434971328e+00
-6.649660517086467770e+00
-6.691150840796566968e+00
-6.732511468892630191e+00
-6.773741202004773143e+00
-6.814838843100103460e+00
-6.855803197516702419e+00
-6.896633072997711444e+00
-6.937327279725395535e+00
-6.977884630355001505e+00
-7.018303940048815193e+00
-7.058584026509938880e+00
-7.098723710016256128e+00
-7.138721813454146137e+00
-7.178577162352288710e+00
-7.218288584915439898e+00
-7.257854912058006924e+00
-7.297274977437798071e+00
-7.336547617489499906e+00
-7.375671671458324141e+00
-7.414645981433396038e+00
-7.453469392381302683e+00
-7.492140752179392571e+00
-7.530658911649153353e+00
-7.569022724589549611e+00
-7.607231047810159019e+00
-7.645282741164462159e+00
-7.683176667582865882e+00
-7.720911693105874996e+00
-7.758486686917006381e+00
-7.795900521375849657e+00
-7.833152072050870274e+00
-7.870240217752289880e+00
-7.907163840564900070e+00
-7.943921825880687848e+00
-7.980513062431596083e+00
-8.016936442322000644e+00
-8.053190861061349182e+00
-8.089275217596526346e+00
-8.125188414344282961e+00
-8.160929357223606573e+00
-8.196496955687885944e+00
-8.231890122757201667e+00
-8.267107775050353879e+00
-8.302148832816994783e+00
-8.337012219969519577e+00
-8.371696864115058645e+00
-8.406201696587231709e+00
-8.440525652477932184e+00
-8.474667670669045805e+00
-8.508626693863968526e+00
-8.542401668619232780e+00
-8.575991545375854841e+00
-8.609395278490797665e+00
-8.642611826268174369e+00
-8.675640150990533428e+00
-8.708479218949920053e+00
-8.741128000478941118e+00
-8.773585469981764362e+00
-8.805850605964906208e+00
-8.837922391068124384e+00
-8.869799812095017444e+00
-8.901481860043730876e+00
-8.932967530137414514e+00
-8.964255821854685280e+00
-8.995345738960006443e+00
-9.026236289533876800e+00
-9.056926486003073151e+00
-9.087415345170636982e+00
-9.117701888245948183e+00
-9.147785140874509224e+00
-9.177664133167832361e+00
-9.207337899733047948e+00
-9.236805479702535848e+00
-9.266065916763455590e+00
-9.295118259187065135e+00
-9.323961559858112480e+00
-9.352594876303943039e+00
-9.381017270723678081e+00
-9.409227810017133820e+00
-9.437225565813788464e+00
-9.465009614501498802e+00
-9.492579037255216790e+00
-9.519932920065590665e+00
-9.547070353767361794e+00
-9.573990434067818356e+00
-9.600692261574959474e+00
-9.627174941825716203e+00
-9.653437585313930924e+00
-9.679479307518297659e+00
-9.705299228930208244e+00
-9.730896475081380004e+00
-9.756270176571529618e+00
-9.781419469095748553e+00
-9.806343493471961992e+00
-9.831041395668064453e+00
-9.855512326829146019e+00
-9.879755443304418350e+00
-9.903769906674130041e+00
-9.927554883776373629e+00
-9.951109546733658107e+00
-9.974433072979520531e+00
-9.997524645284855183e+00
-1.002038345178426937e+01
-1.004300868600217278e+01
-1.006539954687888816e+01
-1.008755523879650084e+01
-1.010947497160466924e+01
-1.013115796064631624e+01
-1.015260342678309335e+01
-1.017381059642086427e+01
-1.019477870153490606e+01
-1.021550697969512633e+01
-1.023599467409101749e+01
-1.025624103355657368e+01
-1.027624531259506213e+01
-1.029600677140359366e+01
-1.031552467589766486e+01
-1.033479829773546044e+01
-1.035382691434211999e+01
-1.037260980893377393e+01
-1.039114627054153672e+01
-1.040943559403527452e+01
-1.042747708014729469e+01
-1.044527003549589317e+01
-1.046281377260871004e+01
-1.048010760994602997e+01
-1.049715087192384289e+01
-1.051394288893686380e+01
-1.053048299738131810e+01
-1.054677053967766476e+01
-1.056280486429310628e+01
-1.057858532576399568e+01
-1.059411128471811026e+01
-1.060938210789671388e+01
-1.062439716817656432e+01
-1.063915584459168429e+01
-1.065365752235505070e+01
-1.066790159288010109e+01
-1.068188745380208893e+01
-1.069561450899933064e+01
-1.070908216861422879e+01
-1.072228984907422955e+01
-1.073523697311253322e+01
-1.074792296978876038e+01
-1.076034727450935158e+01
-1.077250932904791547e+01
-1.078440858156533899e+01
-1.079604448662979266e+01
-1.080741650523657782e+01
-1.081852410482777493e+01
-1.082936675931179771e+01
-1.083994394908271985e+01
-1.085025516103951482e+01
-1.086029988860506457e+01
-1.087007763174508135e+01
-1.087958789698679674e+01
-1.088883019743753877e+01
-1.089780405280314568e+01
-1.090650898940617886e+01
-1.091494454020401861e+01
-1.092311024480676096e+01
-1.093100564949498121e+01
-1.093863030723729679e+01
-1.094598377770779685e+01
-1.095306562730329603e+01
-1.095987542916040525e+01
-1.096641276317246572e+01
-1.097267721600627510e+01
-1.097866838111869825e+01
-1.098438585877305229e+01
-1.098982925605536209e+01
-1.099499818689043096e+01
-1.099989227205773901e+01
-1.100451113920717994e+01
-1.100885442287460947e+01
-1.101292176449724636e+01
-1.101671281242886913e+01
-1.102022722195487425e+01
-1.102346465530711939e+01
-1.102642478167864226e+01
-1.102910727723815398e+01
-1.103151182514439732e+01
-1.103363811556030250e+01
-1.103548584566697954e+01
-1.103705471967752771e+01
-1.103834444885067434e+01
-1.103935475150423251e+01
-1.104008535302836691e+01
-1.104053598589871044e+01
-1.104070638968927121e+01
-1.104059631108517259e+01
-1.104020550389522271e+01
-1.103953372906427965e+01
-1.103858075468545685e+01
-1.103734635601214009e+01
-1.103583031546980564e+01
-1.103403242266769446e+01
-1.103195247441025550e+01
-1.102959027470844333e+01
-1.102694563479081857e+01
-1.102401837311444588e+01
-1.102080831537565153e+01
-1.101731529452053948e+01
-1.101353915075537060e+01
-1.100947973155672521e+01
-1.100513689168149511e+01
-1.100051049317668017e+01
-1.099560040538899486e+01
-1.099040650497430960e+01
-1.098492867590685940e+01
-1.097916680948832102e+01
-1.097312080435664683e+01
-1.096679056649475115e+01
-1.096017600923898350e+01
-1.095327705328741175e+01
-1.094609362670793473e+01
-1.093862566494617639e+01
-1.093087311083321822e+01
-1.092283591459310799e+01
-1.091451403385021202e+01
-1.090590743363634196e+01
-1.089701608639770924e+01
-1.088783997200169118e+01
-1.087837907774337687e+01
-1.086863339835195674e+01
-1.085860293599688120e+01
-1.084828770029385936e+01
-1.083768770831062866e+01
-1.082680298457257351e+01
-1.081563356106809337e+01
-1.080417947725383954e+01
-1.079244078005969953e+01
-1.078041752389360575e+01
-1.076810977064618235e+01
-1.075551758969512406e+01
-1.074264105790946289e+01
-1.072948025965354546e+01
-1.071603528679091433e+01
-1.070230623868790865e+01
-1.068829322221709077e+01
-1.067399635176052364e+01
-1.065941574921276214e+01
-1.064455154398373260e+01
-1.062940387300134226e+01
-1.061397288071395906e+01
-1.059825871909261785e+01
-1.058226154763309701e+01
-1.056598153335775869e+01
-1.054941885081716713e+01
-1.053257368209159139e+01
-1.051544621679218672e+01
-1.049803665206211001e+01
-1.048034519257730324e+01
-1.046237205054719865e+01
-1.044411744571511313e+01
-1.042558160535853773e+01
-1.040676476428916253e+01
-1.038766716485270258e+01
-1.036828905692859593e+01
-1.034863069792936940e+01
-1.032869235279996190e+01
-1.030847429401668691e+01
-1.028797680158612948e+01
-1.026720016304375527e+01
-1.024614467345233138e+01
-1.022481063540019797e+01
-1.020319835899925387e+01
-1.018130816188282850e+01
-1.015914036920325714e+01
-1.013669531362936738e+01
-1.011397333534363341e+01
-1.009097478203924858e+01
-1.006770000891692796e+01
-1.004414937868148527e+01
-1.002032326153831221e+01
-9.996222035189511246e+00
-9.971846084829978807e+00
-9.947195803143136672e+00
-9.922271590296599442e+00
-9.897073853937502719e+00
-9.871603009187765565e+00
-9.845859478639052753e+00
-9.819843692347530961e+00
-9.793556087828534373e+00
-9.766997110050862574e+00
-9.740167211431037586e+00
-9.713066851827216297e+00
-9.685696498533017618e+00
-9.658056626271084966e+00
-9.630147717186407164e+00
-9.601970260839575388e+00
-9.573524754199651099e+00
-9.544811701637023305e+00
-9.515831614915871484e+00
-9.486585013186624948e+00
-9.457072422978015425e+00
-9.427294378189113644e+00
-9.397251420081047968e+00
-9.366944097268518732e+00
-9.336372965711218441e+00
-9.305538588704886038e+00
-9.274441536872346958e+00
-9.243082388154157059e+00
-9.211461727799232335e+00
-9.179580148355091396e+00
-9.147438249658080167e+00
-9.115036638823266202e+00
-9.082375930234134032e+00
-9.049456745532202362e+00
-9.016279713606259349e+00
-8.982845470581592551e+00
-8.949154659808813861e+00
-8.915207931852675571e+00
-8.881005944480572012e+00
-8.846549362650815596e+00
-8.811838858500861349e+00
-8.776875111335133539e+00
-8.741658807612857629e+00
-8.706190640935480118e+00
-8.670471312034109701e+00
-8.634501528756544531e+00
-8.598282006054287052e+00
-8.561813465969247972e+00
-8.525096637620235285e+00
-8.488132257189388241e+00
-8.450921067908204520e+00
-8.413463820043599384e+00
-8.375761270883522513e+00
-8.337814184722635247e+00
-8.299623332847533064e+00
-8.261189493522001825e+00
-8.222513451971934728e+00
-8.183596000370044976e+00
-8.144437937820526940e+00
-8.105040070343321190e+00
-8.065403210858388405e+00
-8.025528179169581833e+00
-7.985415801948525072e+00
-7.945066912718161234e+00
-7.904482351836101373e+00
-7.863662966477926730e+00
-7.822609610620074427e+00
-7.781323145022779997e+00
-7.739804437212566057e+00
-7.698054361464794937e+00
-7.656073798785787865e+00
-7.613863636894962816e+00
-7.571424770206657051e+00
-7.528758099811727611e+00
-7.485864533459134940e+00
-7.442744985537097513e+00
-7.399400377054305977e+00
-7.355831635620695863e+00
-7.312039695428285135e+00
-7.268025497231564103e+00
-7.223789988327948386e+00
-7.179334122537861518e+00
-7.134658860184656781e+00
-7.089765168074486645e+00
-7.044654019475765416e+00
-6.999326394098685178e+00
-6.953783278074303631e+00
-6.908025663933671900e+00
-6.862054550586631052e+00
-6.815870943300411433e+00
-6.769475853678217803e+00
-6.722870299637384583e+00
-6.676055305387603944e+00
-6.629031901408714234e+00
-6.581801124428569238e+00
-6.534364017400455360e+00
-6.486721629480579843e+00
-6.438875016005219720e+00
-6.390825238467664704e+00
-6.342573364495180499e+00
-6.294120467825514709e+00
-6.245467628283501327e+00
-6.196615931757229134e+00
-6.147566470174254505e+00
-6.098320341477505124e+00
-6.048878649600976765e+00
-5.999242504445438051e+00
-5.949413021853699135e+00
-5.899391323585980729e+00
-5.849178537294829283e+00
-5.798775796500139634e+00
-5.748184240563717573e+00
-5.697405014663942779e+00
-5.646439269770070268e+00
-5.595288162616371075e+00
-5.543952855676271163e+00
-5.492434517136053351e+00
-5.440734320868677365e+00
-5.388853446407142478e+00
-5.336793078917964728e+00
-5.284554409174200273e+00
-5.232138633528575333e+00
-5.179546953886257299e+00
-5.126780577677466866e+00
-5.073840717830108815e+00
-5.020728592741948937e+00
-4.967445426252934837e+00
-4.913992447617052228e+00
-4.860370891474290467e+00
-4.806581997822263475e+00
-4.752627011987667238e+00
-4.698507184597767505e+00
-4.644223771551430957e+00
-4.589778033990313588e+00
-4.535171238269574800e+00
-4.480404655928745150e+00
-4.425479563662119808e+00
-4.370397243289290579e+00
-4.315158981725326193e+00
-4.259766070950793626e+00
-4.204219807981817603e+00
-4.148521494839696899e+00
-4.092672438520674305e+00
-4.036673950965242952e+00
-3.980527349027610740e+00
-3.924233954444700245e+00
-3.867795093805289408e+00
-3.811212098518809377e+00
-3.754486304783987816e+00
-3.697619053557540614e+00
-3.640611690522419064e+00
-3.583465566056229790e+00
-3.526182035199182163e+00
-3.468762457622194706e+00
-3.411208197594653768e+00
-3.353520623952025215e+00
-3.295701110063526507e+00
-3.237751033799352474e+00
-3.179671777498077390e+00
-3.121464727933598748e+00
-3.063131276282256898e+00
-3.004672818089495934e+00
-2.946090753236685345e+00
-2.887386485907603717e+00
-2.828561424554776771e+00
-2.769616981865895333e+00
-2.710554574729776789e+00
-2.651375624202529480e+00
-2.592081555473243704e+00
-2.532673797829892326e+00
-2.473153784624750440e+00
-2.413522953240010871e+00
-2.353782745053046632e+00
-2.293934605401553473e+00
-2.233979983548763038e+00
-2.173920332648219045e+00
-2.113757109708760407e+00
-2.053491775559036725e+00
-1.993125794812219187e+00
-1.932660635830371509e+00
-1.872097770688695650e+00
-1.811438675139869670e+00
-1.750684828577939500e+00
-1.689837714002434099e+00
-1.628898817982012970e+00
-1.567869630618340837e+00
-1.506751645509496029e+00
-1.445546359713585804e+00
-1.384255273712026391e+00
-1.322879891372708006e+00
-1.261421719913259132e+00
-1.199882269863872697e+00
-1.138263055030364734e+00
-1.076565592456771414e+00
-1.014791402388183217e+00
-9.529420082331194752e-01
-8.910189365261201866e-01
